UNKNOWN                 
1 81036U          22116.47947054  .00001264  00000+0  24459-2 0  9998
2 81036  65.9867 118.3416 2712512 131.4670 255.3171  9.15192943280329
UNKNOWN                 
1 81037U          22114.33961965  .00023725  00000+0  17117-2 0  9998
2 81037  62.1999 233.5247 0249236  89.6219 273.3417 14.82431784 11241
UNKNOWN                 
1 81052U          22116.16178486  .00001419  00000+0  46357-3 0  9991
2 81052  65.7807  74.8842 0650003 226.7392 127.7655 13.61716932418486
UNKNOWN                 
1 81069U          22115.23747546  .00002973  00000+0  48298-2 0  9996
2 81069 100.3340 302.9223 0069524  39.9555 320.6663 13.47967531336330
UNKNOWN                 
1 81073U          22116.13084069  .00008725  00000+0  15490-1 0  9993
2 81073  61.6599 290.6523 4681444 225.8635  84.6462  5.86241830522675
UNKNOWN                 
1 81078U          22115.23516777  .00000445  00000+0  14523-1 0  9991
2 81078  65.1114 198.8108 0193702 294.0798  94.8702 11.21811329345674
UNKNOWN                 
1 81111U          22116.12723171  .00059568  00000+0  54710-2 0  9999
2 81111  62.8045  90.6723 4408422 306.4011  20.5137  6.67347025177031
UNKNOWN                 
1 81122U          22112.18203895  .00012472  00000+0  51440-2 0  9999
2 81122  97.6344  90.1311 0266963 326.9244  31.5475 14.09421676386727
UNKNOWN                 
1 81123U 70025    22114.92968310  .00000861  00000+0  91164-3 0  9995
2 81123 100.0415 104.9534 0001977 245.2817 114.8126 13.77681931423218
UNKNOWN                 
1 81134U          22114.85095497  .00000142  00000+0  49796-3 0  9998
2 81134  90.2750 332.9127 0022043 260.0225  99.8405 12.92375122291053
UNKNOWN                 
1 81161U          22114.48487002  .00001652  00000+0  18524-2 0  9995
2 81161 100.3863 186.3281 0064182  35.8539 324.6888 13.71871019373812
UNKNOWN                 
1 81219U 81053    22116.19727487  .00000494  00000+0  46174-3 0  9996
2 81219  82.9243 280.5806 0021092 353.4062   6.6815 13.79836849424461
UNKNOWN                 
1 81221U          22113.11068184  .00001742  00000+0  81710-3 0  9995
2 81221  98.8700  52.6753 0112626 224.1611 135.0531 14.18176008335332
UNKNOWN                 
1 81228U          22115.95530743  .00002794  00000+0  12569-2 0  9994
2 81228  70.5317 316.0689 0096495 153.0176 207.6012 14.20776465436569
UNKNOWN                 
1 81247U 81053    22115.08423666  .00013504  00000+0  33753-2 0  9990
2 81247  83.2429 242.9456 0027186  55.1353 305.2397 14.51211236443400
UNKNOWN                 
1 81254U 70025    22115.48638374  .00000736  00000+0  59155-3 0  9991
2 81254 100.3831 352.8046 0084747 318.9659  40.5142 13.92965512427627
UNKNOWN                 
1 81264U          22116.26467890  .00007363  00000+0  14006-2 0  9996
2 81264  99.4473 117.8690 0101872  53.6321 307.4223 14.61161695414910
UNKNOWN                 
1 81279U          22116.37856900  .00000729  00000+0  32046-3 0  9992
2 81279  98.1015 269.7770 0221514 289.7583  67.9826 14.14052802274792
UNKNOWN                 
1 81301U          22116.56235395  .00000175  00000+0  25140-3 0  9990
2 81301  66.7596 219.8396 0086436  38.5050 336.2234 13.75533929423896
UNKNOWN                 
1 81311U 90105    22116.40815182  .00000339  00000+0  84434-4 0  9991
2 81311  98.7730  90.1596 0137929 199.2370 313.5769 14.53240359446758
UNKNOWN                 
1 81317U 80089    22115.72304580  .00000162  00000+0  37838-3 0  9995
2 81317  67.1382 216.2039 0219587 241.3978 194.6467 13.37172443411163
UNKNOWN                 
1 81323U          22115.95438185  .00002661  00000+0  53541-3 0  9996
2 81323  65.7803 357.1783 0505463 283.2549  71.2640 14.05027073924743
UNKNOWN                 
1 81329U          22116.16940043  .00000825  00000+0  32061-3 0  9991
2 81329  65.8241 259.9028 0882086 266.8867 279.3876 13.13261359441376
UNKNOWN                 
1 81341U          22115.73529856  .00000804  00000+0  22389-2 0  9990
2 81341  99.4817 220.4356 0418252 258.5566  96.8292 12.88506464352008
UNKNOWN                 
1 81342U          22108.05128688  .00003774  00000+0  21604-2 0  9994
2 81342  70.9009 235.9033 0160592 201.6445 157.7834 14.03827631429550
UNKNOWN                 
1 81343U          22116.45936732  .00001903  00000+0  21537-3 0  9993
2 81343  85.8822 175.8905 0008883 314.1473  45.9020 14.85867173256440
UNKNOWN                 
1 81357U          22116.40542493  .00009036  00000+0  81668-3 0  9996
2 81357  97.4903   1.0977 0191538 155.3100 205.7434 14.82638090338048
UNKNOWN                 
1 81359U          22116.33180210  .00000616  00000+0  68354-3 0  9997
2 81359  66.8007 336.5442 0113763 149.9073 210.8600 13.75427221422869
UNKNOWN                 
1 81366U          22116.29769170  .00000513  00000+0  21127-3 0  9991
2 81366  65.8839 315.1992 0744778 356.5220   3.0803 13.39274062888235
UNKNOWN                 
1 81371U          22116.40260663  .00001874  00000+0  39614-3 0  9994
2 81371  98.8874  97.9155 0088366 124.1368 236.8249 14.58232204447873
UNKNOWN                 
1 81374U          22115.08793549  .00005085  00000+0  17089-2 0  9993
2 81374  65.7327   1.0734 0034046 144.0152 216.3244 14.37649072392520
UNKNOWN                 
1 81380U          22116.49534566  .00007207  00000+0  22305-2 0  9993
2 81380  99.8542  27.2351 0004560 353.3683   6.7440 14.41578960426867
UNKNOWN                 
1 81386U          22116.22828758  .00001858  00000+0  87475-3 0  9995
2 81386  71.0566 301.7884 0119050 349.6906  10.1777 14.17548930435262
UNKNOWN                 
1 81390U          22112.61599700  .00000881  00000+0  71158-2 0  9996
2 81390 103.1021 256.0672 0170900 306.0516  52.4812 12.34645204335854
UNKNOWN                 
1 81391U          22110.97594058  .00003262  00000+0  14421-2 0  9991
2 81391  81.2080 204.9060 0011661  13.8387 346.3108 14.23010693391130
UNKNOWN                 
1 81392U          22115.86999035  .00002068  00000+0  24343-2 0  9996
2 81392 100.4058 329.6366 0045121 137.7073 236.5598 13.69008488419907
UNKNOWN                 
1 81402U          22116.34016963  .00006928  00000+0  27138-2 0  9996
2 81402  98.7092 144.2111 0007099  66.7861 293.4068 14.29739543256018
UNKNOWN                 
1 81405U          22115.29486294  .00001111  00000+0  94292-3 0  9995
2 81405  99.5597 126.0697 0170070 147.9231 213.2409 13.83243113377947
UNKNOWN                 
1 81406U          22115.76941553  .00002560  00000+0  10981-2 0  9993
2 81406  65.8128 240.9445 0891193 186.0315 172.9385 13.05122914360107
UNKNOWN                 
1 81409U 87068    22116.31998916  .00009379  00000+0  33279-2 0  9992
2 81409  82.6652 239.6800 0063247 154.5181 205.9149 14.33247265438673
UNKNOWN                 
1 81418U          22115.32475253  .00001432  00000+0  28822-2 0  9997
2 81418 100.3025 256.8062 0061477 214.7023 145.0082 13.35399912221761
UNKNOWN                 
1 81425U          22116.18826770  .00004031  00000+0  48220-2 0  9996
2 81425  99.4411 204.7742 0077147 279.8130  79.4310 13.66384464260324
UNKNOWN                 
1 81427U          22116.47252598  .00000186  00000+0  14104-3 0  9993
2 81427  98.8624  20.2619 0087893 153.9106 206.6529 14.03515140365526
UNKNOWN                 
1 81438U          22111.71291309  .00001835  00000+0  31132-2 0  9991
2 81438 100.2983 283.2123 0055759  75.0998 285.6298 13.46139979418396
UNKNOWN                 
1 81439U          22116.45446559  .00000633  00000+0  18848-2 0  9991
2 81439  67.1602 183.5005 0612249 300.1968  53.9759 12.61461231 94549
UNKNOWN                 
1 81449U 85042    22116.35699352  .00004871  00000+0  16555-2 0  9992
2 81449  66.8087 354.0903 0044256  69.8590 290.7266 14.36820508440507
UNKNOWN                 
1 81478U          22114.92623345  .00001880  00000+0  86368-3 0  9992
2 81478  99.0558 347.6363 0169564 197.1034 177.6069 14.15138715434423
UNKNOWN                 
1 81488U 75052    22116.32831341  .00000194  00000+0  34557-3 0  9995
2 81488 100.1322 303.8681 0045109  42.8592  81.0872 13.55540122416867
UNKNOWN                 
1 81497U          22116.30360924  .00003156  00000+0  37398-2 0  9994
2 81497 100.3054 247.1020 0034487 142.0001 250.8898 13.68249917 33954
UNKNOWN                 
1 81499U          22116.52682481  .00001263  00000+0  43719-3 0  9997
2 81499  74.0525 153.5998 0002882 215.9571 144.1389 14.36729567291378
UNKNOWN                 
1 81509U          22113.71682344  .00045983  00000+0  79494-2 0  9990
2 81509  98.7121 295.7806 0013148 355.9997   4.1099 14.68112125271301
UNKNOWN                 
1 81521U          22116.48194800  .00008292  00000+0  15231-2 0  9997
2 81521  99.6910 302.6796 0013757 138.8323 251.8059 14.65942712447070
UNKNOWN                 
1 81535U          22116.22384433  .00000647  00000+0  30365-3 0  9999
2 81535  98.1131 302.1314 0251567  11.6050 349.0775 14.07718940200435
UNKNOWN                 
1 81536U 73086    22116.47179615  .00000393  00000+0  27357-2 0  9999
2 81536 102.0528 302.2896 0025540 274.5794 113.8728 12.54076817385453
UNKNOWN                 
1 81537U 93016    22115.84446395  .00000388  00000+0  25877-3 0  9997
2 81537  71.0406 330.8233 0078941 348.5011  11.4300 14.05708572433915
UNKNOWN                 
1 81546U          22113.46798439  .00017666  00000+0  17510-2 0  9994
2 81546  66.8079  18.0590 0019386 331.4030  28.6035 14.91744081931787
UNKNOWN                 
1 81552U          22116.23506604  .00001421  00000+0  32209-2 0  9994
2 81552  99.0765 214.5827 0265603 314.3061  43.6548 13.15817507404666
UNKNOWN                 
1 81564U          22108.10383800  .00004883  00000+0  20762-2 0  9991
2 81564  81.1844 253.7052 0032953 270.9417  88.7986 14.24839510375488
UNKNOWN                 
1 81569U 95015    22115.56786521 -.00000156  00000+0 -13080-2 0  9997
2 81569  28.0773  63.0779 0315785 200.9884 157.7402 12.46198689387143
UNKNOWN                 
1 81579U          22116.43305216  .00009448  00000+0  56531-2 0  9992
2 81579 100.0365 108.6593 0223836 146.1536 215.4141 13.95601463425534
UNKNOWN                 
1 81599U          22116.42311896  .00001095  00000+0  20760-2 0  9999
2 81599  67.2964 264.0191 0261537 314.9194  74.2997 13.29235509408678
UNKNOWN                 
1 81614U 76077    22116.08768546 -.00001014  00000+0 -69175-2 0  9990
2 81614 101.7764 156.4671 0424504  70.4277 294.2095 12.21658155375073
UNKNOWN                 
1 81615U 92021    22115.78206810  .00000591  00000+0  24828-3 0  9999
2 81615  65.8299 246.1263 0819484  24.0478 339.6652 13.23563830406632
UNKNOWN                 
1 81617U 73086    22114.82794594  .00000274  00000+0  19129-2 0  9991
2 81617 101.3204 331.7369 0041341 343.4367  16.5356 12.56253344386289
UNKNOWN                 
1 81624U          22112.41769842  .00002154  00000+0  52189-3 0  9999
2 81624  66.9863 174.9869 0098799 251.8742 107.1591 14.52046646445573
UNKNOWN                 
1 81626U          22116.32487808  .00033046  00000+0  59093-2 0  9998
2 81626  71.0042 331.0676 0018060 182.3586 177.7482 14.66620856434116
UNKNOWN                 
1 81640U          22116.26566097  .00000142  00000+0  17799-3 0  9994
2 81640  65.8261 319.8273 0999775 254.9717  93.8672 12.55514983343450
UNKNOWN                 
1 81652U 76077    22114.83706944  .00000770  00000+0  96880-3 0  9997
2 81652 102.1650  74.1439 0380614  79.8133 313.4255 13.41551805400426
UNKNOWN                 
1 81661U          22113.52648265  .00009014  00000+0  24052-2 0  9997
2 81661  98.4276  32.0356 0066554 304.9644  54.5310 14.47305496341947
UNKNOWN                 
1 81667U          22114.59863692  .00001308  00000+0  44176-3 0  9992
2 81667  74.0450 337.9100 0018198 243.0468 116.8828 14.37841251265190
UNKNOWN                 
1 81674U          22116.37456734  .00000769  00000+0  52187-3 0  9994
2 81674  66.8239  89.9111 0020295 104.7039  47.3340 14.05369319427075
UNKNOWN                 
1 81678U          22114.55207236  .00020132  00000+0  26611-2 0  9995
2 81678  65.8332  45.8601 0044742  33.4956 139.6469 14.79315569450843
UNKNOWN                 
1 81683U          22116.05955531  .00002084  00000+0  59953-3 0  9998
2 81683  81.2231 236.7124 0029129 347.0327  13.0110 14.44287057443648
UNKNOWN                 
1 81693U 73086    22116.29899676  .00000503  00000+0  39889-2 0  9995
2 81693 101.0868 311.1537 0373854  60.3948 303.3815 12.23308682805410
UNKNOWN                 
1 81696U          22115.58426234  .00020879  00000+0  19262-2 0  9992
2 81696  97.4578  34.4518 0208382 347.2616  12.3376 14.79564895315569
UNKNOWN                 
1 81721U          22115.61954106  .00023723  00000+0  53457-2 0  9994
2 81721  98.1956 173.8044 0311368 315.6332  42.0279 14.30518968342717
UNKNOWN                 
1 81732U          22115.98729804  .00012028  00000+0  12533-2 0  9997
2 81732  65.7379 343.4375 0260440 205.4163 153.3952 14.68201129447801
UNKNOWN                 
1 81745U          22115.47880507  .00001493  00000+0  58976-3 0  9999
2 81745  71.0060  25.9735 0005675 139.2049  37.1906 14.30659465439378
UNKNOWN                 
1 81749U          22112.34787500  .00000088  00000+0  43286-3 0  9992
2 81749  99.6785 314.6899 0368400 239.0744 300.7814 12.76995952392153
UNKNOWN                 
1 81775U          22116.56127995  .00002735  00000+0  12589-2 0  9997
2 81775  82.9295 221.2494 0019120 329.7804  30.2273 14.20739681435915
UNKNOWN                 
1 81792U          22116.43831919  .00000680  00000+0  29196-3 0  9990
2 81792  65.8251 177.3722 0911710 150.4950 215.0892 13.04451106401779
UNKNOWN                 
1 81794U          22116.17034385  .00034011  00000+0  41722-2 0  9998
2 81794  81.1888  60.2320 0006404  27.5499 332.6049 14.82932972 12443
UNKNOWN                 
1 81798U          22116.38931257  .00014391  00000+0  31894-2 0  9997
2 81798  74.0147 109.9965 0041342 162.6415 197.6174 14.56621784393875
UNKNOWN                 
1 81812U          22116.53536904  .00002636  00000+0  20954-1 0  9994
2 81812 103.7897 234.5029 0252508 313.8226  44.2195 12.28701981377145
UNKNOWN                 
1 81813U          22113.41976461  .00002845  00000+0  83131-3 0  9995
2 81813  99.0884 318.1221 0019103 116.7039 243.6108 14.44783661442996
UNKNOWN                 
1 81816U 77121    22115.92320887  .00000215  00000+0  22743-3 0  9990
2 81816  66.2397 347.6202 0197697 299.0772  59.0625 13.84183696425409
UNKNOWN                 
1 81817U          22115.21718514  .00010258  00000+0  10414-2 0  9992
2 81817  65.7257 303.3542 0305274 343.8289  15.3233 14.62381925450284
UNKNOWN                 
1 81818U          22115.56779525  .00005834  00000+0  12778-2 0  9999
2 81818  65.7541 186.6987 0667595 170.8024 190.6019 13.71180690465277
UNKNOWN                 
1 81819U          22114.10897729  .00000588  00000+0  44177-2 0  9995
2 81819 102.2195 178.0394 0035739  83.9251 276.5886 12.45396210382475
UNKNOWN                 
1 81821U          22116.48237243  .00034647  11999-5  42854-3 0  9999
2 81821  34.0508 221.8062 2087343  97.6550 286.4406 11.36877948415680
UNKNOWN                 
1 81824U          22116.51556536  .00002145  00000+0  10640-2 0  9995
2 81824  65.8503 298.9282 0056371 326.9509  32.8057 14.18419233435573
UNKNOWN                 
1 81833U          22116.05719889  .00000256  00000+0  91329-3 0  9991
2 81833  90.2684 332.7065 0025038 254.6671 105.1680 12.93054963281025
UNKNOWN                 
1 81838U          22116.30247015  .00002494  00000+0  84131-3 0  9990
2 81838  67.7686  70.1855 0038001 211.6197 298.2462 14.38036268441626
UNKNOWN                 
1 81844U          22116.43941987  .00004854  00000+0  24027-2 0  9999
2 81844  82.9216 269.9395 0082786 194.9163 164.9573 14.15357082434318
UNKNOWN                 
1 81845U          22115.39709098  .00001228  00000+0  17308-3 0  9996
2 81845  97.7900 338.4954 0103091 310.1580 226.6206 14.75525027453260
UNKNOWN                 
1 81864U          22115.14786720  .00001452  00000+0  58234-3 0  9999
2 81864  65.6726 271.7159 0798670 225.6106 127.6822 13.26130418374430
UNKNOWN                 
1 81865U 87062    22115.94026803  .00000785  00000+0  69435-3 0  9993
2 81865  82.8064 327.6786 0070293 156.8499 270.3460 13.82736986424881
UNKNOWN                 
1 81872U          22116.22928233  .00209457  00000+0  14247-1 0  9994
2 81872  62.0247 104.8196 1843766 317.0324  30.0142 11.62735496189634
UNKNOWN                 
1 81873U          22115.55727646  .00002701  00000+0  15277-2 0  9993
2 81873  99.0911 158.4525 0072374 225.7178 133.8040 14.09705370381864
UNKNOWN                 
1 81877U          22114.31369077  .00000424  00000+0  65601-3 0  9997
2 81877  65.9347 319.2826 0066393   2.4650 357.6720 13.60524742947196
UNKNOWN                 
1 81893U 70025    22116.55394107  .00000740  00000+0  85857-3 0  9995
2 81893  99.9635  24.6139 0019088  84.2087 276.1234 13.72568853421901
UNKNOWN                 
1 81899U          22115.81726705  .00000815  00000+0  21033-2 0  9996
2 81899 102.4410 327.0274 0181198 124.7975 237.0329 13.16358734404169
UNKNOWN                 
1 81902U          22111.37779154  .00018382  00000+0  24589-2 0  9991
2 81902  81.6281 136.8384 0282708  50.3100 312.2658 14.55283420443784
UNKNOWN                 
1 81905U          22115.54776903  .00337809  15104-4  10674-1 0  9999
2 81905  61.7212 281.0093 1316752 132.4881 239.5237 12.87389970508142
UNKNOWN                 
1 81921U          22115.40577255  .00000984  00000+0  41634-3 0  9998
2 81921  65.7059 166.4362 0892068 316.8342  36.5963 13.07529337854563
UNKNOWN                 
1 81946U 87079    22115.94357925  .00000395  00000+0  14525-2 0  9999
2 81946  66.4225 182.8334 0680960 272.7045 269.9016 12.41995350383073
UNKNOWN                 
1 81947U          22114.96372595  .00005492  00000+0  60426-3 0  9995
2 81947  66.0832 206.9557 0465543 225.9072 130.2825 14.32438200439682
UNKNOWN                 
1 81964U          22115.98870400  .00000178  00000+0  19108-3 0  9992
2 81964  66.5847 309.8324 0043374 248.1216 111.5248 13.94519746428971
UNKNOWN                 
1 81969U          22116.38595163  .00002328  00000+0  26130-3 0  9994
2 81969  86.6727 358.4690 0008445 241.7506 118.2867 14.86323129241944
UNKNOWN                 
1 81995U          22115.20910797  .00003476  00000+0  78310-3 0  9999
2 81995  65.7555 290.2377 0602320 232.0854 122.4299 13.82855500419475
UNKNOWN                 
1 82025U          22091.09713082  .00510125  00000+0  22059-1 0  9993
2 82025  74.0072 242.6370 0011498   3.1075 357.0191 15.20343950395119
UNKNOWN                 
1 82039U          22115.86956767  .00007912  00000+0  17624-2 0  9997
2 82039  99.0714 146.9797 0044608 141.2823 219.1584 14.56581236363610
UNKNOWN                 
1 82043U          22116.44770545  .00001641  00000+0  52704-3 0  9997
2 82043  97.9781  12.6227 0262064  77.1463 285.8855 14.22761629384723
UNKNOWN                 
1 82044U          22113.12590422  .00000741  00000+0  82138-3 0  9998
2 82044  99.9293 178.0690 0068460 108.6551 252.2044 13.74347013379081
UNKNOWN                 
1 82051U          22116.46359799  .00002883  00000+0  13120-2 0  9999
2 82051  98.8231 183.3464 0119583 149.0313 211.7985 14.18742299383437
UNKNOWN                 
1 82073U          22116.34641358  .00001126  00000+0  35425-3 0  9997
2 82073  97.6950 319.3523 0241371 334.8658  24.0932 14.26814548385299
UNKNOWN                 
1 82112U          22113.51947136  .00005365  00000+0  14370-2 0  9994
2 82112  98.6468 217.2679 0098425  27.9707 332.6725 14.45791816389139
UNKNOWN                 
1 82134U          22109.61824090  .00973046  00000+0  30691+0 0  9998
2 82134  65.5493 214.6332 2637702 169.0235 198.2267  9.74138895    16
UNKNOWN                 
1 82139U          22112.39019569  .00001945  00000+0  11540-2 0  9994
2 82139  99.1205 152.1728 0094758 174.2894 185.9378 14.06552005292591
UNKNOWN                 
1 82162U          22116.29227996  .00001439  00000+0  25868-2 0  9994
2 82162 100.3864 329.3311 0050064 180.8375 179.2676 13.43019143325661
UNKNOWN                 
1 82168U          22114.61990295  .00031037  00000+0  41699-2 0  9990
2 82168  74.0077 243.6861 0008343 298.7290  61.3047 14.79134305293177
UNKNOWN                 
1 82180U          22115.85982488  .00012285  00000+0  26792-2 0  9997
2 82180  65.6611 288.6139 0468690 159.8644 202.1632 14.06971660412679
UNKNOWN                 
1 82187U          22115.18243086  .00019870  00000+0  34043-2 0  9999
2 82187  70.9402 276.1932 0061408  49.7629 310.8869 14.67520630448247
UNKNOWN                 
1 82189U          22115.26322536  .00000217  00000+0  87574-4 0  9992
2 82189  74.0342 318.9900 0016004 113.9311 246.3519 14.33722753442085
UNKNOWN                 
1 82199U          22114.33703410  .00000432  00000+0  37540-3 0  9990
2 82199  82.9667 150.6488 0037076 201.5292 170.9178 13.83692350425863
UNKNOWN                 
1 82205U          22115.45435699  .00002587  00000+0  57111-3 0  9992
2 82205  63.0008  17.3849 0622336 162.9615 199.3400 13.80652433423910
UNKNOWN                 
1 82223U          22115.45402718  .00001477  00000+0  94887-3 0  9996
2 82223  99.3988 297.8328 0076171  54.8165 306.0104 14.03440446262122
UNKNOWN                 
1 82227U          22115.86411181 -.00000033  00000+0  82448-4 0  9998
2 82227 101.8732  88.5756 0003174  46.7392 344.1016 12.41998716476431
UNKNOWN                 
1 82250U          22115.96990806  .00002249  00000+0  14755-2 0  9995
2 82250  98.9484  22.8939 0084763 308.2687 111.9378 14.01303459430115
UNKNOWN                 
1 82272U          22115.61886697  .00000007  00000+0  17224-3 0  9998
2 82272  67.5250  81.1992 0762170 235.2395 117.4570 12.32155201108354
UNKNOWN                 
1 82284U          22116.42031965  .00005962  00000+0  22739-2 0  9992
2 82284  99.5629 283.6637 0102925 294.6391  64.4094 14.28333008481512
UNKNOWN                 
1 82285U          22116.36048272  .00002961  00000+0  30416-2 0  9992
2 82285 101.9874 259.6624 0338037 346.5397  12.6884 13.55048037415153
UNKNOWN                 
1 82295U          22115.74730908  .00001052  00000+0  43906-3 0  9997
2 82295  66.6244  21.6643 0124165  76.0905 285.3965 14.25975854390217
UNKNOWN                 
1 82298U          22115.50158012  .00004417  00000+0  22556-2 0  9999
2 82298  99.0557 208.0802 0066857 139.2081 221.4124 14.14991379377407
UNKNOWN                 
1 82303U          22116.44910295  .00010358  00000+0  22275-1 0  9997
2 82303  81.9582 358.5714 0062773 356.5176 180.6986 13.28884767335364
UNKNOWN                 
1 82311U          22116.51988506  .00000417  00000+0  67076-3 0  9999
2 82311  99.5054 211.2087 0110792  43.8931 317.0943 13.52115656370943
UNKNOWN                 
1 82314U          22115.31608939  .00032766  00000+0  12663-2 0  9991
2 82314  99.2183 250.7528 0180795 239.5429 118.7830 15.12285679341636
UNKNOWN                 
1 82320U          22116.35036881  .00002247  00000+0  80311-3 0  9991
2 82320  99.8321 166.0839 0160621  70.1437 291.6971 14.28336583438531
UNKNOWN                 
1 82322U          22115.65397182  .00007257  00000+0  17050-2 0  9994
2 82322  98.5663 190.3344 0077116 189.1168 170.8631 14.52904601371634
UNKNOWN                 
1 82363U          22116.39386318  .00000678  00000+0  11546-2 0  9994
2 82363  66.9367 149.6330 0469487 291.0078  64.1354 13.13914147115916
UNKNOWN                 
1 82369U 99025    22115.35650570  .00000133  00000+0  12238-3 0  9990
2 82369  99.0138 148.0446 0084887  38.0661 322.6458 13.97081603371768
UNKNOWN                 
1 82381U          22116.49692386  .00004127  00000+0  13234-2 0  9999
2 82381  98.4848 313.2604 0015630 249.4839 110.4672 14.39942870318053
UNKNOWN                 
1 82383U          22116.39257253  .00017052  00000+0  21973-2 0  9990
2 82383  98.2736 172.8704 0006653 196.1459 163.9541 14.81104957350293
UNKNOWN                 
1 82402U          22116.10534161  .00001840  00000+0  20780-3 0  9991
2 82402  86.6728 358.7839 0008547 244.7068 115.3271 14.85934882256558
UNKNOWN                 
1 82410U          22114.75501003  .00000154  00000+0  23194-3 0  9997
2 82410  66.6561 283.2128 0063462 196.2792 163.6241 13.76137551403942
UNKNOWN                 
1 82428U          22116.46171916  .00017888  00000+0  14411-1 0  9994
2 82428  63.1673 254.2597 0141603  41.0652 320.0949 13.85949384236191
UNKNOWN                 
1 82432U 93036    22114.33932673  .00001162  00000+0  29483-3 0  9994
2 82432  74.0090 335.9024 0063189 103.5544 257.2666 14.50778873289829
UNKNOWN                 
1 82448U          22116.15783235  .00001936  00000+0  21903-3 0  9998
2 82448  85.8827 176.0040 0008913 315.1126  44.9376 14.85891303239126
UNKNOWN                 
1 82451U          22109.39653588  .00022687  00000+0  23296-2 0  9999
2 82451  66.5324 151.3759 0265149  31.3966 330.2673 14.67754673936455
UNKNOWN                 
1 82453U          22116.15132681  .00000023  00000+0  49753-3 0  9996
2 82453 101.9912  67.9210 0094124 143.1007 217.6580 12.39539179830748
UNKNOWN                 
1 82458U          22113.42228113  .00002236  00000+0  12904-2 0  9999
2 82458  66.5130   3.9943 0062463 189.3910 170.6014 14.09938510421916
UNKNOWN                 
1 82464U          22116.40380985  .00007513  00000+0  21409-2 0  9996
2 82464  70.9987 126.5240 0079511  21.8894  45.1695 14.43669889442076
UNKNOWN                 
1 82475U          22116.06035368  .00001637  00000+0  98854-3 0  9992
2 82475  99.1223 157.6225 0106626 196.4622 163.3073 14.05264846359452
UNKNOWN                 
1 82481U          22097.52874988  .01091084  00000+0  13933-1 0  9996
2 82481  99.0010  54.9338 0011275 106.6064 253.6425 15.56538448255205
UNKNOWN                 
1 82484U          22116.12431090  .00000080  00000+0  17691-3 0  9992
2 82484  99.5128 180.2322 0042977 308.2716  51.4559 13.55122343410919
UNKNOWN                 
1 82494U 93036    22116.50023737  .00003948  00000+0  10178-2 0  9999
2 82494  74.0234  47.3445 0012795 151.1897 208.9973 14.50326370289730
UNKNOWN                 
1 82500U          22114.68950377  .00001746  00000+0  10231-2 0  9996
2 82500  70.9718 257.4416 0141066 311.8845  47.0305 14.04750722431689
UNKNOWN                 
1 82517U          22116.48848485  .00012065  00000+0  34427-2 0  9999
2 82517  86.3853 288.5244 0018221 294.0637  65.8658 14.45009782231538
UNKNOWN                 
1 82524U          22115.58243539  .00001712  00000+0  76657-3 0  9995
2 82524  73.2912 158.3415 0177430 339.6655 173.0218 14.15440676388215
UNKNOWN                 
1 82529U          22116.57649142  .00001477  00000+0  23885-2 0  9992
2 82529  99.7838 227.6930 0247601 226.3723 145.5959 13.38665048412151
UNKNOWN                 
1 82545U          22115.80971878 -.00000038  00000+0  13396-3 0  9999
2 82545  64.8817 163.2998 0177364 189.9581 169.7810 11.30780798288876
UNKNOWN                 
1 82560U          22116.30376208  .00000956  00000+0  87810-3 0  9998
2 82560 100.0440 309.9263 0009895 182.0696 353.4433 13.85732831427871
UNKNOWN                 
1 82561U          22116.36120552  .00006541  00000+0  19373-2 0  9998
2 82561  63.1173  46.8708 0502991   2.2813  84.6083 13.89507226426644
UNKNOWN                 
1 82576U          22088.35150885  .00001515  00000+0  99730-3 0  9995
2 82576  99.2444 122.4293 0120540 137.5760 223.4799 13.99899175 44191
UNKNOWN                 
1 82597U          22115.73551644  .00000807  00000+0  33316-3 0  9990
2 82597  66.7751  18.7098 0107105 216.8291 142.5418 14.28652046439022
UNKNOWN                 
1 82616U          22114.94289625  .00018785  00000+0  21649-2 0  9990
2 82616  97.2931 191.1858 0087271   8.1083 352.1519 14.82966894368992
UNKNOWN                 
1 82617U          22116.23223657  .00000446  00000+0  13034-3 0  9993
2 82617  74.0294 206.6327 0039576 118.0036 242.5135 14.46410380  5364
UNKNOWN                 
1 82627U          22116.45789565  .00000917  00000+0  24632-2 0  9991
2 82627  82.4740 112.2411 0012027 135.6939  21.7081 13.13878212404511
UNKNOWN                 
1 82642U          22116.03362328  .00001856  00000+0  11934-2 0  9990
2 82642  99.0098  26.8709 0140601 324.7187  34.4732 13.99669887430113
UNKNOWN                 
1 82683U 99057    22116.39764779  .00000682  00000+0  29913-3 0  9993
2 82683  98.1191 275.4241 0226042 297.7237  60.1173 14.13879877274473
UNKNOWN                 
1 82693U          22116.49579537  .00001788  00000+0  24200-2 0  9992
2 82693 100.5442 313.8829 0046551  59.9619 300.6124 13.60680566372885
UNKNOWN                 
1 82698U          22116.16815266  .00000413  00000+0  29770-3 0  9995
2 82698  61.6080  78.7860 0730032 167.0015 195.0979 13.21793489362577
UNKNOWN                 
1 82708U          22115.45192513  .00000823  00000+0  34440-2 0  9995
2 82708 102.1437 180.4682 0060434  88.7791 272.0221 12.87360005352537
UNKNOWN                 
1 82729U          22114.83038639  .00000881  00000+0  31541-2 0  9990
2 82729  67.9564 278.5864 0832213 198.5221 158.3728 12.16098111373630
UNKNOWN                 
1 82737U          22116.09349080  .00015892  00000+0  18790-1 0  9992
2 82737 102.8971 251.4317 0358651 176.2281 184.1672 13.43752396366316
UNKNOWN                 
1 82739U          22115.51717476  .00001365  00000+0  12683-2 0  9994
2 82739  99.0372 314.8723 0182134 231.9874 156.0422 13.76720046423142
UNKNOWN                 
1 82741U          22116.35120746  .00002008  00000+0  25195-2 0  9995
2 82741 102.8728  82.1610 0212433 333.0910  25.9325 13.57098166416636
UNKNOWN                 
1 82742U          22113.03688844  .00006744  00000+0  28584-2 0  9992
2 82742  99.5681 200.5250 0057990 228.9091 130.7069 14.24852797353510
UNKNOWN                 
1 82755U          22116.09170055  .00024699  00000+0  36814-2 0  9999
2 82755  99.8046 253.4969 0001774 212.3870 147.7225 14.74847851449223
UNKNOWN                 
1 82783U          22114.91700651  .00000690  00000+0  20501-2 0  9991
2 82783  90.3122 358.5680 0023432  74.2924 286.0784 13.06994914330786
UNKNOWN                 
1 82785U          22115.09254894  .00011081  00000+0  16449-2 0  9998
2 82785  63.1243 284.1481 0393899  45.2586  63.0080 14.34243451439330
UNKNOWN                 
1 82820U          22115.68574623  .00001875  00000+0  85951-3 0  9993
2 82820  99.8084 104.3311 0059949 152.8766 207.5561 14.21832844436369
UNKNOWN                 
1 82829U          22116.16697019 -.00000293  00000+0 -69471-2 0  9994
2 82829  65.1023  27.8736 0180830 268.1675 245.2182 11.28923214501043
UNKNOWN                 
1 82854U          22116.95686002  .00002040  00000+0  17676-2 0  9999
2 82854  82.6941  18.0730 0137895  57.4618 303.9775 13.81557497896739
UNKNOWN                 
1 82873U          22114.13601347  .00001826  00000+0  10249-2 0  9997
2 82873  99.9936 187.1791 0044175 336.6815  23.2348 14.11606536975132
UNKNOWN                 
1 82875U          22115.73744870  .00000692  00000+0  19801-3 0  9999
2 82875  98.6079 127.4099 0394202 121.3856 242.6508 14.10978623357091
UNKNOWN                 
1 82893U          22115.94270346  .00003362  00000+0  19741-2 0  9993
2 82893  98.9695 203.4902 0036129 217.5743 142.2901 14.08468417236001
UNKNOWN                 
1 82912U          22115.94857776  .00003647  00000+0  16997-2 0  9999
2 82912  65.8388 316.2717 0816529 152.0864 212.6583 13.15454685404104
UNKNOWN                 
1 82915U          22116.25822102  .00020831  00000+0  30287-2 0  9994
2 82915  74.0178 308.7457 0016829 313.1358  46.8408 14.75782971287297
UNKNOWN                 
1 82959U          22115.90440919  .00001158  00000+0  67976-3 0  9992
2 82959 100.1086 104.2130 0050895 266.6298  92.9045 14.09976848356580
UNKNOWN                 
1 82961U          22114.61590024  .00006477  00000+0  14795-1 0  9993
2 82961  99.7354 356.1703 0468644 163.8234 197.8422 12.92037632382415
UNKNOWN                 
1 82965U 70025    22115.76187947  .00000980  00000+0  14668-2 0  9997
2 82965 100.2149 135.2170 0001917 153.9000 206.2233 13.56091434344357
UNKNOWN                 
1 82991U          22115.48419428  .00014038  00000+0  22376-2 0  9997
2 82991  86.3210 181.4998 0029660 316.7611  43.1276 14.71574763290244
UNKNOWN                 
1 83903U          22116.52465439 -.00000012  00000+0  00000+0 0  9995
2 83903   9.3920 303.9768 0130046 210.5540 119.6294  0.99112237 30510
UNKNOWN                 
1 83934U          22116.51525227 -.00000053  00000+0  00000+0 0  9995
2 83934   8.7312 309.1939 0219684 231.1469  18.2699  1.02659899 64824
UNKNOWN                 
1 83952U          22116.26238571  .00000157  00000+0  50407-3 0  9994
2 83952  20.3404 143.8652 7168639 134.4031 313.0844  2.32143279 53236
UNKNOWN                 
1 83970U          22087.82731529  .00008417  00000+0  43336-2 0  9993
2 83970  18.3480 292.9094 5231936 230.7685  69.7812  5.14858714125158
UNKNOWN                 
1 83975U          22111.97387313 -.00000071  00000+0  00000+0 0  9997
2 83975  18.8634 112.7067 7044663 304.5448   7.7407  2.15339515 53687
UNKNOWN                 
1 83999U          22116.51201851  .00000039  00000+0  00000+0 0  9993
2 83999  63.3885 310.4250 7035976  17.9612 357.8397  2.12288392 15882
UNKNOWN                 
1 84006U          22112.60593005 -.00000133  00000+0  00000+0 0  9990
2 84006  23.3722  72.5598 6142206 334.7166   4.8126  2.16234928 55453
UNKNOWN                 
1 84026U          22116.35625864  .00028591  00000+0  76112-2 0  9994
2 84026  21.8317  55.3286 6126909  27.6280 354.4989  3.83982427 76631
UNKNOWN                 
1 84071U          22116.17021339  .00006945  00000+0  40312-2 0  9993
2 84071  20.7929 292.4785 6989695 160.5019 252.4043  2.62441681 68550
UNKNOWN                 
1 84079U          22115.47705686  .00003845  00000+0  46738-2 0  9991
2 84079  62.7717 159.6215 3977814 175.5549 189.5938  7.07625375210451
UNKNOWN                 
1 84136U          22115.86288265  .00422964  00000+0  23427-1 0  9993
2 84136  51.3870  52.7471 1736210   4.9585 356.6216 11.88530844360500
UNKNOWN                 
1 84170U 12008    22116.19406041  .00012712  00000+0  80558-2 0  9998
2 84170  20.9346 236.6409 6970097 163.3519 242.9412  2.64891267 58194
UNKNOWN                 
1 84188U          22116.16269076  .00034274  00000+0  68921-1 0  9994
2 84188  64.8920  14.0284 4862182 122.6335 293.7350  5.56055647159683
UNKNOWN                 
1 84232U 79104    22114.53774203  .00009415  00000+0  89099-2 0  9996
2 84232  20.2070 251.0179 6891817 245.9175  30.7223  2.73090366 65497
UNKNOWN                 
1 84249U          22114.72868867  .00030574  00000+0  88184-2 0  9998
2 84249  64.3771 274.0279 5655172 353.6297   1.4093  4.53795862 90199
UNKNOWN                 
1 84292U          22116.24153968  .00014101  00000+0  29077-2 0  9998
2 84292  23.8664 150.2168 4831004   8.2958 357.5171  5.88085905147437
UNKNOWN                 
1 84342U          22112.45704350  .00599339  00000+0  37165-1 0  9997
2 84342  21.9374 322.9339 5283908  81.2999 332.5497  5.21937316 88201
UNKNOWN                 
1 84346U          22108.29783626  .00012158  00000+0  13469-2 0  9992
2 84346  20.5915 166.8240 6912750 294.1825  10.5916  2.77703862 48148
UNKNOWN                 
1 84353U          22109.52046818 -.00000523  00000+0  00000+0 0  9990
2 84353  18.9720 289.8643 6692403 252.9496  28.1514  2.03735518 40941
UNKNOWN                 
1 84406U          22115.59562707  .00000603  00000+0  34726-2 0  9996
2 84406 101.6671 232.2480 0047535 143.8043 227.1624 12.65170875881344
UNKNOWN                 
1 84407U          22115.16036330  .00000028  00000+0  27900-1 0  9994
2 84407  19.6439   1.0890 7233335  54.8273 352.8944  2.05786915 48538
UNKNOWN                 
1 84415U          22116.21105080  .00198367  00000+0  13192-1 0  9991
2 84415  23.7409 110.0686 4687718 272.9428  36.3573  6.21441633 17034
UNKNOWN                 
1 84434U          22113.93175310  .00000655  00000+0  26000-2 0  9996
2 84434  20.2836 119.3096 7140398 193.4155 126.1953  2.35254179 54571
UNKNOWN                 
1 84452U          22116.30247994  .00053554  66706-6  19648-2 0  9996
2 84452   2.7984 104.8882 6273989 282.6607  17.9672  3.70276718103727
UNKNOWN                 
1 84480U          22115.44742301  .00007490  00000+0  36243-2 0  9999
2 84480  45.9140 153.2811 4536900 217.2540 100.5380  6.28087349174497
UNKNOWN                 
1 84565U          22114.86928042  .00000635  00000+0  14494-2 0  9994
2 84565   1.5893 192.8272 7225993  76.8958 348.7146  2.28001411 33229
UNKNOWN                 
1 84588U          22115.57191622  .00002889  00000+0  20460-2 0  9997
2 84588   2.5627  34.6514 7005657 309.2603   7.2773  2.60413594 72732
UNKNOWN                 
1 84840U          22115.97467462 -.00000660  00000+0  00000+0 0  9991
2 84840  17.0423 344.3223 8143511 283.6282 358.9305  0.46186360    50
UNKNOWN                 
1 84911U          22115.19437486  .00000008  00000+0  25241-2 0  9999
2 84911   1.8227 359.9283 6557240 194.6915  15.1381  2.95756574 91232
UNKNOWN                 
1 84932U          22116.43918725 -.00000081  00000+0 -98592-3 0  9993
2 84932   2.0720 232.7624 6560268  82.5873 237.6158  2.98964709168350
UNKNOWN                 
1 84950U          22116.59007457  .00000056  00000+0  00000+0 0  9994
2 84950   2.4148  47.2980 6961810 191.6816 183.8391  2.04196597 62891
UNKNOWN                 
1 84961U          22115.84893533 -.00000391  00000+0  00000+0 0  9994
2 84961   8.7157 297.5486 0132321 222.8563 135.9565  0.98633456 30369
UNKNOWN                 
1 85001U          22109.47679435  .00119296  00000+0  13507-1 0  9997
2 85001  51.4176 265.1644 2623852  92.9545 297.1053  9.96918046302059
UNKNOWN                 
1 85004U          22115.92301679  .00000621  00000+0  22432-3 0  9999
2 85004  98.2764 108.6722 0050891 180.1398 211.1421 14.36086867441330
UNKNOWN                 
1 85010U          22116.43496242  .00000827  00000+0  96917-3 0  9991
2 85010  99.3578   0.1799 0027114 117.1585  55.9919 13.71147007421923
UNKNOWN                 
1 85011U          22116.49838291  .00018644  00000+0  69226-2 0  9990
2 85011  70.9765  41.8777 0012636  88.1151 272.1428 14.32109505233764
UNKNOWN                 
1 85015U          22116.52713008  .00000394  00000+0  88629-4 0  9999
2 85015  74.0507  50.4029 0015725 295.7755  64.1788 14.59815155448941
UNKNOWN                 
1 85023U          22116.36956681  .00004109  00000+0  16835-2 0  9992
2 85023  99.8595 270.9684 0005074 186.0512 206.3555 14.27798628437611
UNKNOWN                 
1 85027U          22116.37237196  .00000105  00000+0  17644-3 0  9992
2 85027  66.0399 106.8495 0176245 176.5561 183.6763 13.73373989422427
UNKNOWN                 
1 85047U          22116.44426818  .00005074  00000+0  14016-1 0  9991
2 85047 102.3875 189.9857 0129992 355.4890   4.5032 13.10647437401011
UNKNOWN                 
1 85061U          22114.38329622  .00003033  00000+0  14016-1 0  9996
2 85061 102.4190 327.3159 0294817 224.7192 314.0346 12.65003800387124
UNKNOWN                 
1 85100U          22116.44410104  .00000247  00000+0  88576-4 0  9994
2 85100  74.0450 150.7805 0012989 343.3336  80.9010 14.38947344442472
UNKNOWN                 
1 85106U          22116.31963709  .00000510  00000+0  63020-3 0  9999
2 85106 100.1601 133.1375 0010775 138.7575 232.9168 13.70619938421229
UNKNOWN                 
1 85111U 73086    22112.38356900  .00000593  00000+0  41302-2 0  9990
2 85111 101.6520  83.9824 0014168  28.1602 332.0233 12.51008869299518
UNKNOWN                 
1 85117U          22115.49852299  .00029207  00000+0  31624-2 0  9998
2 85117  70.0354 192.0854 0060665 300.3171  59.1989 14.86777098401362
UNKNOWN                 
1 85133U          22114.45010318  .00002883  00000+0  12654-2 0  9992
2 85133  98.8646 176.7960 0029945 176.2511 183.8897 14.24148092341547
UNKNOWN                 
1 85151U 86019    22116.49706360  .00004102  00000+0  13315-2 0  9992
2 85151  98.4929 313.5585 0014458 237.4393 122.5399 14.39355400286906
UNKNOWN                 
1 85159U          22115.00037997  .00005005  00000+0  25080-2 0  9990
2 85159  98.8367  20.4948 0085116  72.5253 288.5201 14.15192927310813
UNKNOWN                 
1 85175U          22116.09659661  .00018853  00000+0  36909-2 0  9993
2 85175 101.3732  67.2581 0142183 114.8470 246.7578 14.56602958430369
UNKNOWN                 
1 85205U          22114.60031632  .00000145  00000+0  13172-3 0  9997
2 85205  82.9585 220.5623 0037365  46.0470  15.4225 13.76464055423632
UNKNOWN                 
1 85210U 75052    22116.56042918  .00000348  00000+0  38462-3 0  9992
2 85210  99.7774 216.0101 0225054 109.9380 267.2531 13.68427768420598
UNKNOWN                 
1 85217U          22116.46192415  .00002342  00000+0  73226-3 0  9990
2 85217  97.9256 301.3287 0239895 140.8899 220.9901 14.26313357438195
UNKNOWN                 
1 85220U          22116.44816659  .00010695  00000+0  29198-2 0  9993
2 85220  99.4141 301.2441 0169212 238.1716 120.2899 14.39364597474042
UNKNOWN                 
1 85237U          22115.03253506  .00001930  00000+0  45593-3 0  9991
2 85237  65.5439  36.0060 0609121 262.7437  90.4042 13.80893665423898
UNKNOWN                 
1 85238U          22116.15452345  .00000034  00000+0  62632-4 0  9996
2 85238  98.9120  77.3203 0063294 193.5805 176.9976 13.87971074426794
UNKNOWN                 
1 85246U          22115.58974988  .00001286  00000+0  51366-3 0  9994
2 85246  98.0790 225.4522 0238253 232.4202 125.5126 14.15750711434948
UNKNOWN                 
1 85266U          22115.77848452  .00016537  00000+0  15743-1 0  9995
2 85266  62.7978 262.5119 3599307 163.7395 211.8917  7.77019434253937
UNKNOWN                 
1 85283U 78098    22106.59836652  .00008479  00000+0  18550-2 0  9991
2 85283  99.6947 158.9392 0032909 193.5130 166.5186 14.57702264346480
UNKNOWN                 
1 85292U          22116.55895090  .00007580  00000+0  18595-2 0  9998
2 85292  65.8315 224.6797 0064855 294.6396  64.7959 14.51635504994343
UNKNOWN                 
1 85370U          22116.58766458  .00000747  00000+0  71775-3 0  9991
2 85370  99.9593 234.0231 0008174 239.3665 134.4934 13.83910757425405
UNKNOWN                 
1 85373U          22116.41364850  .00001195  00000+0  97437-3 0  9997
2 85373 100.4319 327.6299 0056456  99.9468  21.2647 13.91473932427204
UNKNOWN                 
1 85383U          22114.69999396  .00005843  00000+0  16024-2 0  9991
2 85383  98.6436 208.4147 0103661  45.4717 315.4883 14.44327907393486
UNKNOWN                 
1 85386U          22116.24078347  .00005245  00000+0  13281-2 0  9999
2 85386  98.6370 223.1718 0108754 333.8926  55.5371 14.47828463444160
UNKNOWN                 
1 85415U          22117.25790653  .00749509  22909-3  13311-2 0  9993
2 85415  51.8893 228.0055 0125892 171.5331 188.7704 15.88140499   250
UNKNOWN                 
1 87014U          22116.42262763  .00001678  00000+0  29901-2 0  9998
2 87014 100.5139 357.7944 0046444 177.2816 359.2826 13.43407164412335
UNKNOWN                 
1 87029U 99025    22115.43174502  .00000609  00000+0  42791-3 0  9998
2 87029  98.8915 176.5354 0083593 350.9455   9.0198 14.00311227406994
UNKNOWN                 
1 87042U 00055    22115.90177330  .00000891  00000+0  58678-3 0  9996
2 87042  98.8589 183.5303 0045273 215.1760 144.6416 14.03887643367608
UNKNOWN                 
1 87051U 76126    22116.10536944  .00001171  00000+0  44351-3 0  9996
2 87051  65.7285 150.7426 0758624  15.8451 346.4968 13.36367126410752
UNKNOWN                 
1 87054U 75052    22116.43866473  .00001751  00000+0  12191-2 0  9995
2 87054 100.0789 191.0832 0015392 268.2393  91.7005 14.00262298430067
UNKNOWN                 
1 87065U 99025    22115.03952586  .00001203  00000+0  14971-2 0  9999
2 87065  98.6899 140.6145 0341668  98.7811 265.2170 13.44297415337927
UNKNOWN                 
1 87071U 68097    22115.20801401  .00001892  00000+0  82667-3 0  9991
2 87071  61.2259 188.1635 0556342 322.9303  33.4462 13.66294605419995
UNKNOWN                 
1 87074U 77121    22116.30981245  .00000403  00000+0  49882-3 0  9998
2 87074  66.1425 234.3151 0158253 277.1188  81.1904 13.70228596421372
UNKNOWN                 
1 87079U          22116.34497614  .00081567  00000+0  54716-2 0  9992
2 87079  70.3056  90.8525 0015624 353.8928   6.2044 15.06289235455336
UNKNOWN                 
1 87091U          22113.19347987  .00071454  00000+0  27895-2 0  9995
2 87091  65.6945  42.9998 0097352 140.0359 220.7997 15.21139051458079
UNKNOWN                 
1 87113U 76126    22116.39040329  .00006988  00000+0  10968-2 0  9990
2 87113  65.6674 350.5000 0354750 183.8325 350.9925 14.38859747440437
UNKNOWN                 
1 87129U 76077    22116.42524380  .00000105  00000+0  11079-2 0  9999
2 87129 102.3245 173.7406 0028494  10.7466 349.4201 12.42093554381959
UNKNOWN                 
1 87159U          22116.51644062  .00000934  00000+0  11632-2 0  9990
2 87159  90.3113  24.5015 0115186 218.9763 140.3051 13.61337544375976
UNKNOWN                 
1 87163U 76126    22116.05533495  .00001533  00000+0  47993-3 0  9999
2 87163  65.6021 231.8410 0715615 283.4945  68.7389 13.51075381397549
UNKNOWN                 
1 87164U          22115.82409980  .00002250  00000+0  62501-3 0  9992
2 87164  65.2058 160.4469 0158418 252.1723 106.2033 14.41540195 37800
UNKNOWN                 
1 87203U          22116.24965296  .00012843  00000+0  28195-2 0  9999
2 87203  98.8776  47.7937 0064146  63.5082 297.2674 14.56425978359093
UNKNOWN                 
1 87204U          22116.42479388  .00001298  00000+0  61022-3 0  9991
2 87204  98.6681 348.2197 0049488 226.5477 133.1579 14.21084319436590
UNKNOWN                 
1 87211U          22116.57038391  .00001740  00000+0  64425-3 0  9992
2 87211  99.0049  31.3993 0068971  95.9291  27.7826 14.32329148517154
UNKNOWN                 
1 87213U 99025    22107.78269407  .00016113  00000+0  18280-2 0  9993
2 87213  99.0478 295.0264 0056029 333.2517  26.5807 14.85292544363671
UNKNOWN                 
1 87214U 70025    22115.57571616  .00000992  00000+0  99716-3 0  9999
2 87214 100.3322 337.4037 0081740  51.2807 309.5613 13.78995436417043
UNKNOWN                 
1 87222U          22116.16263558  .00080533  00000+0  31714-2 0  9995
2 87222  98.9636  77.0628 0049452 105.1002 255.5709 15.24143132548788
UNKNOWN                 
1 87228U 99025    22112.58047903  .00008100  00000+0  27940-2 0  9998
2 87228  98.9291 241.0726 0044020  71.2059 289.3893 14.35572458413399
UNKNOWN                 
1 87235U          22113.18789374  .00003850  00000+0  14150-2 0  9999
2 87235  98.9569 259.6392 0152732 111.2483 250.5086 14.26995758395503
UNKNOWN                 
1 87237U 99025    22116.36202117  .00000376  00000+0  32739-3 0  9998
2 87237  99.4194 148.6315 0104858 255.7799 116.6055 13.90094780427382
UNKNOWN                 
1 87239U 81053    22116.20616103  .00003722  00000+0  15404-2 0  9996
2 87239  82.8818 100.0510 0029736 165.6936 194.5098 14.26192527437476
UNKNOWN                 
1 87245U 71015    22116.21214291  .00002307  00000+0  59360-3 0  9991
2 87245  65.6617 286.2229 0514438  39.2578 132.6114 13.94264416428034
UNKNOWN                 
1 87256U 99025    22112.91961612  .00001218  00000+0  75300-3 0  9995
2 87256  98.8482 182.7051 0046304 179.9666 180.1514 14.06644676396679
UNKNOWN                 
1 87271U 71015    22116.34225028  .00011848  00000+0  27703-2 0  9999
2 87271  65.7724 100.7488 0552823  22.8629 339.6056 13.89538396426223
UNKNOWN                 
1 87280U          22116.17099623  .00000409  00000+0  77288-3 0  9991
2 87280  64.6157 271.2984 0122971 220.7408 138.4385 13.47077824355079
UNKNOWN                 
1 87293U 71015    22116.38492582  .00003194  00000+0  78527-3 0  9994
2 87293  65.9121 352.1071 0524147 347.7323  11.1376 13.93785322427797
UNKNOWN                 
1 87300U 70025    22115.01799156  .00001093  00000+0  87410-3 0  9996
2 87300 100.0994 319.7674 0031474 211.8763 148.0489 13.93211204427886
UNKNOWN                 
1 87304U          22116.07475942  .00000950  00000+0  16921-3 0  9997
2 87304  74.0221  21.3788 0021099 324.3854  35.5907 14.68429423451359
UNKNOWN                 
1 87305U 93036    22114.40405307  .00009925  00000+0  18410-2 0  9997
2 87305  73.9972 264.0922 0034972  18.3570 341.8851 14.64945474279013
UNKNOWN                 
1 87320U 71015    22116.34361554  .00001210  00000+0  85320-3 0  9991
2 87320  66.6000 345.3715 0443494 174.9896 185.5837 13.62307510412620
UNKNOWN                 
1 87334U          22116.40996153  .00007443  00000+0  94751-2 0  9999
2 87334  90.0017 270.9721 0072864 325.2576  34.3834 13.62024737204038
UNKNOWN                 
1 87335U          22116.41038220  .00006527  00000+0  82291-2 0  9991
2 87335  89.9883 269.3509 0079514 300.2352  59.0950 13.62406236204094
UNKNOWN                 
1 87382U 93016    22116.53300347  .00260277  00000+0  17861-1 0  9991
2 87382  70.9495  69.6485 0018571 226.7188 133.2433 15.04454889361386
UNKNOWN                 
1 87397U 94029    22115.69985686  .00022883  00000+0  38332-2 0  9999
2 87397  81.2420 105.0765 0012990  14.9089 345.2495 14.69613686361775
UNKNOWN                 
1 87405U 81053    22116.45048880  .00001365  00000+0  10976-2 0  9999
2 87405  82.7587  18.5088 0054676 166.5854 193.6778 13.89174721426619
UNKNOWN                 
1 87410U 76077    22116.29711856  .00001390  00000+0  13147-1 0  9997
2 87410 102.2673  59.4076 0190991 282.3412  75.6320 12.19589072375164
UNKNOWN                 
1 87416U 81053    22115.99902222  .00003913  00000+0  15881-2 0  9999
2 87416  82.8382  21.7821 0015570 240.7569 119.2060 14.27383579419036
UNKNOWN                 
1 87423U 99057    22115.58807014  .00066924  00000+0  48713-2 0  9999
2 87423  98.8186 167.7956 0044123 182.2827 177.8200 15.02707604362964
UNKNOWN                 
1 87426U          22116.44203851  .00001984  00000+0  10462-2 0  9992
2 87426  65.8028 276.6515 0087982 269.6664 120.3638 14.14183003434204
UNKNOWN                 
1 87433U          22115.84862961  .00001724  00000+0  34162-2 0  9991
2 87433 100.2187 254.4430 0053323 200.5565 159.3414 13.36234271255110
UNKNOWN                 
1 87448U 70025    22114.57215813  .00001066  00000+0  97977-3 0  9991
2 87448 100.4503 151.3773 0066826  25.7749 334.6707 13.84587474425096
UNKNOWN                 
1 87456U 76126    22116.16738709  .00001873  00000+0  34247-3 0  9996
2 87456  65.7906 290.5357 0622352 316.2434  39.0867 13.87650319966343
UNKNOWN                 
1 87468U 93036    22116.38224064  .00009554  00000+0  11003-2 0  9994
2 87468  74.0186   5.2865 0064500 106.6845 254.1427 14.84302456282770
UNKNOWN                 
1 87491U 99025    22116.47519653  .00007619  00000+0  17774-2 0  9996
2 87491  98.6256 197.5026 0067965 269.0513  90.2894 14.53631380389035
UNKNOWN                 
1 87501U 93036    22115.61159732  .00012974  00000+0  36502-2 0  9997
2 87501  74.0294 186.3715 0018860 238.3244 121.6075 14.45791183276504
UNKNOWN                 
1 87517U 76126    22113.62311524  .00004501  00000+0  13931-2 0  9991
2 87517  65.8272 186.4111 0734241 221.3381 216.7146 13.46325724413128
UNKNOWN                 
1 87541U 70025    22116.16800937 -.00000016  00000+0  54066-4 0  9997
2 87541  99.8668  10.6359 0059235 221.9276 294.1835 13.34918720404996
UNKNOWN                 
1 87553U 76126    22115.86752837  .00002733  00000+0  98095-3 0  9995
2 87553  65.6740 294.2242 0728481  94.7715 273.6837 13.42284623412509
UNKNOWN                 
1 87557U 73086    22114.35041560  .00002944  00000+0  80610-2 0  9995
2 87557 101.7170 154.8289 0067463  57.1354 303.6223 13.13813229389764
UNKNOWN                 
1 87561U 76077    22116.41765584 -.00000020  00000+0  18997-3 0  9995
2 87561 102.1666 185.9619 0176272 194.3511 178.9210 12.32149451379086
UNKNOWN                 
1 87565U 99025    22116.06099051  .00000463  00000+0  29914-3 0  9998
2 87565  99.9322 335.0633 0183039 147.3654 213.8976 14.00538382430427
UNKNOWN                 
1 87569U 99025    22116.56855594 -.00000036  00000+0  58172-4 0  9995
2 87569 101.8222 235.6913 0055519 344.3840  81.7263 12.68476786390311
UNKNOWN                 
1 87587U 93036    22116.44527401  .00000166  00000+0  62300-4 0  9992
2 87587  74.0276  32.8859 0020234  28.1888 332.0356 14.38920236442970
UNKNOWN                 
1 87590U 99025    22115.40100992  .00000604  00000+0  38117-3 0  9992
2 87590  98.9441 158.0758 0028280  62.1018 311.6642 14.07769670968359
UNKNOWN                 
1 87616U 76067    22116.32456826  .00000216  00000+0  91155-3 0  9994
2 87616  66.0346 232.3502 0644768 342.6558  43.5290 12.44967290371008
UNKNOWN                 
1 87624U 99025    22116.06583626  .00001794  00000+0  39970-3 0  9991
2 87624  98.7674 333.1692 0129478   7.2246 353.0775 14.53217345386742
UNKNOWN                 
1 87642U          22115.74063986  .00022094  00000+0  11663-2 0  9996
2 87642  62.2248 285.2953 0112684 278.6384  80.1960 15.10161630452163
UNKNOWN                 
1 87650U          22115.42685405  .00003181  00000+0  12192-2 0  9990
2 87650 100.2740   4.7028 0056344  91.8036 268.9596 14.30595512996589
UNKNOWN                 
1 87656U          22115.12364842  .00016980  00000+0  36703-2 0  9997
2 87656  99.1389 259.0798 0015528  27.8972 332.3053 14.58284097806684
UNKNOWN                 
1 87664U 75052    22116.45273684  .00000641  00000+0  18430-2 0  9999
2 87664  99.7168 105.7111 0215033 128.0756  23.4211 13.06234027368156
UNKNOWN                 
1 87672U 93016    22115.86603297  .00000735  00000+0  36948-3 0  9998
2 87672  70.8623 328.7808 0064134 125.9142 234.7958 14.18735852435741
UNKNOWN                 
1 87681U          22116.38738807  .00000653  00000+0  78234-3 0  9996
2 87681  66.7391 349.1265 0169524 317.0098  41.7823 13.67269875420284
UNKNOWN                 
1 87690U 76126    22116.31584506  .00004333  00000+0  72909-3 0  9998
2 87690  65.7970 137.4910 0677583 350.1352   8.6938 13.78588898423251
UNKNOWN                 
1 87706U          22116.30738483  .00001389  00000+0  34242-3 0  9994
2 87706  98.5469 241.5952 0135399   5.9282  23.2074 14.48455209385618
UNKNOWN                 
1 87725U 81053    22116.51478261  .00003949  00000+0  12848-2 0  9991
2 87725  82.8953 308.1424 0030423 326.3812  33.5448 14.38344030440897
UNKNOWN                 
1 87727U 92093    22116.20710260  .00040831  00000+0  61474-2 0  9993
2 87727  70.9797  45.4149 0010943 178.5424 181.5764 14.74170937447478
UNKNOWN                 
1 87730U          22115.31136993  .00000095  00000+0  84472-4 0  9993
2 87730  82.9422 136.0405 0031475 102.1692 258.2992 13.74195916403004
UNKNOWN                 
1 87737U 99025    22116.36717532  .00000022  00000+0  69267-4 0  9990
2 87737  99.5713 348.0348 0134175  36.0108 324.9989 13.72027403421951
UNKNOWN                 
1 87764U 76126    22116.10139340  .00007921  00000+0  17102-2 0  9998
2 87764  65.6729 119.6433 0482605  15.0746  42.1728 14.05181413431026
UNKNOWN                 
1 87771U 75052    22116.24581732  .00000088  00000+0  32454-3 0  9999
2 87771 100.6714 269.9010 0121058 129.1542 232.0403 13.19057481360179
UNKNOWN                 
1 87782U 73086    22114.87520766  .00001380  00000+0  53579-2 0  9999
2 87782 102.3370 166.0818 0053281  48.2161 312.3466 12.91182005396058
UNKNOWN                 
1 87817U 68097    22115.45679862  .00078648  00000+0  34071-2 0  9998
2 87817  62.7605  29.8052 0179846  53.2986 308.4487 15.08498153486874
UNKNOWN                 
1 87843U 70025    22116.32350966  .00001294  00000+0  33006-2 0  9999
2 87843  99.6932 331.5716 0241867 216.7004 141.7332 13.10440112390071
UNKNOWN                 
1 87845U          22116.36681687  .00000617  00000+0  12566-2 0  9994
2 87845  98.8487 322.9446 0588265  56.0820 309.4803 12.84684036394659
UNKNOWN                 
1 87878U          22116.50865706  .00001596  00000+0  64013-3 0  9994
2 87878  99.2241 140.4013 0043014 157.9452 202.3591 14.29291914922237
UNKNOWN                 
1 87883U 99025    22116.50113146  .00000552  00000+0  21520-3 0  9996
2 87883  99.2227  11.9590 0298008 142.3424 219.9023 14.12279095384943
UNKNOWN                 
1 87884U 99025    22116.35677277  .00000012  00000+0  29852-4 0  9998
2 87884  98.5964 260.8216 0156553 201.3777 158.0805 14.04483818432091
UNKNOWN                 
1 87898U 99025    22116.37049597  .00003897  00000+0  13970-2 0  9999
2 87898  98.9119 343.0420 0129363 176.8820 183.3197 14.29951776437941
UNKNOWN                 
1 87934U          22115.57989795  .00000068  00000+0  56505-4 0  9999
2 87934  82.9402 200.2566 0032102 124.0154 302.8167 13.72816933422204
UNKNOWN                 
1 87942U          22116.17516001  .00014965  00000+0  15065-2 0  9996
2 87942  99.0787  80.8078 0140793  40.1299 333.4471 14.84136117448470
UNKNOWN                 
1 87972U 99025    22116.01264903  .00010151  00000+0  34166-2 0  9994
2 87972  98.8082  43.5156 0162300 305.3433  53.2669 14.30086824385774
UNKNOWN                 
1 87991U 77065    22116.50437983  .00000908  00000+0  17370-2 0  9996
2 87991  28.6234  43.3085 0920643  35.1180 330.6671 12.29939319359333
UNKNOWN                 
1 88323U          22094.91738048 -.00009334  00000+0 -14056-2 0  9999
2 88323  97.9490 178.1810 0012050 238.1960 121.8142 14.74238535   491
UNKNOWN                 
1 88324U          22095.59609497 -.00002334  00000+0 -34534-3 0  9997
2 88324  97.9498 178.8481 0012081 242.5865 117.4127 14.74249290   593
UNKNOWN                 
1 88325U          22096.53111096  .00007563  00000+0  34772-3 0  9997
2 88325  97.3886 179.2902 0008952 269.3021  90.7189 15.20604451   727
UNKNOWN                 
1 88326U          22096.39943747  .00322807  00000+0  14003-1 0  9992
2 88326  97.3806 179.1569 0009432 279.0195  81.0484 15.20832240   711
UNKNOWN                 
1 88327U          22096.20694181  .00000449  00000+0  75457-4 0  9996
2 88327  97.9492 179.4494 0012251 232.6051 127.4057 14.74256545   681
UNKNOWN                 
1 88328U          22096.27481370 -.00001343  00000+0 -19541-3 0  9995
2 88328  97.9442 179.5137 0012148 236.5843 123.4253 14.74251887   698
UNKNOWN                 
1 88329U          22095.18886340  .00012328  00000+0  18663-2 0  9997
2 88329  97.9490 178.4548 0012640 233.1109 126.9106 14.74274467   538
UNKNOWN                 
1 88330U          22096.46524560  .00081071  00000+0  36476-2 0  9997
2 88330  97.3837 179.2163 0007830 268.6435  91.4101 15.20735870   725
UNKNOWN                 
1 88331U          22096.07044226  .00092329  00000+0  41553-2 0  9991
2 88331  97.3847 178.8366 0007762 267.2010  92.8212 15.20670899   665
UNKNOWN                 
1 88336U          22103.83415932  .00010499  00000+0  48855-3 0  9996
2 88336  97.3979 186.4442 0010973 209.5996 150.4619 15.20070737  1798
UNKNOWN                 
1 89003U          22105.88780116  .00000184  00000+0  74173-4 0  9997
2 89003  74.0456 304.6500 0016432 329.6922  30.3279 14.34753435439734
UNKNOWN                 
1 89005U          22116.54339593  .00001650  00000+0  44961-3 0  9993
2 89005  97.9678  30.7446 0222362 108.4844 254.0648 14.34965148343284
UNKNOWN                 
1 89029U          22116.06066337  .00001819  00000+0  25150-3 0  9995
2 89029  98.2145 332.6264 0029732 320.6970  39.2082 14.79101892454161
UNKNOWN                 
1 89037U          22112.11131950  .00003830  00000+0  22544-2 0  9998
2 89037  98.4428  75.9260 0140415 343.6043  16.0607 14.03712973335122
UNKNOWN                 
1 89048U          22116.44965447  .00029922  00000+0  58087-2 0  9997
2 89048  99.0310   8.0152 0020354  52.6057 307.6992 14.62980299444916
UNKNOWN                 
1 89067U          22116.51524714  .00021225  00000+0  65691-3 0  9992
2 89067  80.9848 311.5296 0571185  56.4295 309.0090 14.46073483389791
UNKNOWN                 
1 89074U          22115.87120531  .00002925  00000+0  34178-2 0  9998
2 89074 100.2847 144.2068 0059834 132.8222  41.7211 13.68671456407280
UNKNOWN                 
1 89101U          22115.66169108 -.00000014  00000+0  84899-4 0  9994
2 89101 100.3016  88.5110 0147058 192.7796 166.9564 13.03661843381904
UNKNOWN                 
1 89123U          22114.71783646  .00005218  00000+0  24765-2 0  9996
2 89123  99.0606 215.0768 0065405  88.1772 272.6893 14.18813893338497
UNKNOWN                 
1 89127U          22114.36358895  .00039684  00000+0  36195-2 0  9999
2 89127  74.0667  89.2263 0033671 121.7974 238.6497 14.94472396294520
UNKNOWN                 
1 89132U          22116.02004642  .00001263  00000+0  11253-2 0  9998
2 89132  63.4039 136.6271 3065429 320.3157  20.8734  8.73335665208376
UNKNOWN                 
1 89135U          22116.30263908  .00004533  00000+0  21705-2 0  9990
2 89135  71.0640 232.1971 0137452 109.1299 252.4763 14.14687251434014
UNKNOWN                 
1 89142U          22102.24660506 -.00000014  00000+0  10000-4 0  9990
2 89142  64.8320 149.4382 3134125  94.4655 302.3814  8.44906492    10
UNKNOWN                 
1 89146U          22116.26201594  .00001326  00000+0  33720-3 0  9998
2 89146  98.1845  52.3094 0118130 192.8713 166.9458 14.48220504436072
UNKNOWN                 
1 89158U          22108.39147159  .00028316  00000+0  26865-2 0  9991
2 89158  98.8309 168.2026 0081831 198.0867 161.7434 14.90966453292685
UNKNOWN                 
1 89161U          22115.52196100  .00004397  00000+0  60567-3 0  9999
2 89161  97.7387 145.3916 0132631 156.3740 204.3637 14.72767275350707
UNKNOWN                 
1 89171U          22105.37132130  .00063130  00000+0  42629-2 0  9993
2 89171  99.0136 333.5167 0042940 262.9347  96.6991 15.05570523354528
UNKNOWN                 
1 89172U 81053    22115.35346808  .00002768  00000+0  67241-3 0  9997
2 89172  82.0798 346.1575 0414195 275.9219  79.4903 14.11460828412760
UNKNOWN                 
1 89177U          22112.88588605  .00000084  00000+0  74646-4 0  9990
2 89177  82.9238 174.8425 0031266 240.1783 119.6263 13.73422695880400
UNKNOWN                 
1 89183U          22116.50613796  .00000508  00000+0  50080-3 0  9996
2 89183  99.2061  44.7846 0134772  78.7429 282.8835 13.79299935424005
UNKNOWN                 
1 89184U          22116.27250861  .00004067  00000+0  12988-2 0  9999
2 89184  98.4821 313.3560 0017611 240.3098 119.6337 14.40131276299365
UNKNOWN                 
1 89195U          22112.43146794  .00002972  00000+0  12907-2 0  9998
2 89195  98.7730 179.8562 0033712 143.7262 216.6212 14.24605414337731
UNKNOWN                 
1 89206U          22115.51117375  .00004134  00000+0  17309-2 0  9999
2 89206  98.7061 141.0785 0031937  88.1557 272.3280 14.26295455296342
UNKNOWN                 
1 89213U          22116.50805026  .00000370  00000+0  27119-3 0  9993
2 89213  98.8812  36.6184 0233532 151.8213 209.5814 13.89221584268387
UNKNOWN                 
1 89218U          22115.43191655  .00001041  00000+0  10018-2 0  9990
2 89218 100.3801 284.2578 0107421 188.0113 171.9323 13.80376510410203
UNKNOWN                 
1 89251U          22116.22976682  .00001289  00000+0  10532-2 0  9991
2 89251  62.4738 205.7182 3052319 344.6092   7.8915  8.77751368254220
UNKNOWN                 
1 89255U          22116.27211912  .00000684  00000+0  94275-3 0  9993
2 89255  98.6605  53.3331 0360354 215.9823 141.6555 13.37679114317598
UNKNOWN                 
1 89261U          22115.54460847  .00000524  00000+0  18165-3 0  9999
2 89261  98.2110 153.6201 0012886 210.3061 149.7384 14.39341009342688
UNKNOWN                 
1 89281U          22116.27321771  .00009374  00000+0  26274-2 0  9995
2 89281  99.3228 235.3699 0020031 154.2194 236.4126 14.46155336442464
UNKNOWN                 
1 89285U          22116.02180191  .01292927  23095-3  19357-1 0  9996
2 89285  62.8903  18.2572 0810573 118.1238 250.4143 14.09710471212744
UNKNOWN                 
1 89304U          22116.59633257  .00001334  00000+0  77897-2 0  9996
2 89304  84.9061  61.1088 2652085 189.1024 352.6051  8.86850187320100
UNKNOWN                 
1 89314U          22116.11693251  .00001904  00000+0  36321-2 0  9995
2 89314  19.5126  29.7145 7133588 299.8780   8.4510  2.39797122 55793
UNKNOWN                 
1 89327U          22115.86956039  .00000643  00000+0  53971-3 0  9996
2 89327  82.5470 321.4772 0013781 272.7792  87.1792 13.86704317290475
UNKNOWN                 
1 89347U          22115.96359866  .00022969  00000+0  35408-2 0  9993
2 89347  86.2750 193.2193 0051294  41.3247 319.1833 14.72400704303105
UNKNOWN                 
1 89349U          22116.35742770  .00000402  00000+0  13950-2 0  9995
2 89349  90.2661 336.9457 0031506 146.1587 214.1552 12.95575100306962
UNKNOWN                 
1 89379U          22116.56534682  .00001302  00000+0  21433-2 0  9997
2 89379 100.5598  32.0054 0049153 100.0510 260.6172 13.48946029401161
UNKNOWN                 
1 89381U          22116.39445041  .00041303  00000+0  56389-2 0  9994
2 89381  98.7334 284.2682 0059077 294.7960  64.7109 14.77238273281701
UNKNOWN                 
1 89389U          22115.58268195  .00007876  00000+0  11295-2 0  9999
2 89389  74.0499 173.6616 0078387 201.8486 157.9340 14.74548072346682
UNKNOWN                 
1 89391U          22116.38738468  .00022079  00000+0  19167-2 0  9994
2 89391  97.4373 268.5153 0192721 179.9837 180.1419 14.83762834228979
UNKNOWN                 
1 89395U          22114.61222442  .00000362  00000+0  45858-2 0  9999
2 89395 102.3274 146.6031 0224894 227.8534 299.2791 12.01180141365255
UNKNOWN                 
1 89400U          22114.16298636  .00007467  00000+0  79337+0 0  9993
2 89400  63.2499 270.1173 2150840  97.1725 287.6687  8.12616350240280
UNKNOWN                 
1 89403U          22115.84700346 -.00000153  00000+0 -55745-3 0  9996
2 89403  90.2652 335.3113 0024429 135.4528 238.8529 12.96690351305735
UNKNOWN                 
1 89453U          22116.41263648  .00013160  00000+0  82979-3 0  9993
2 89453  97.2947 284.0833 0132239 337.6812  21.8690 15.02181553308274
UNKNOWN                 
1 89460U          22116.33763197  .00001283  00000+0  25939-2 0  9991
2 89460 100.2791 256.3448 0058510 205.9094 153.9097 13.35421909255923
UNKNOWN                 
1 89483U          22116.35285201  .00007639  00000+0  80939-3 0  9996
2 89483  99.4904 149.2952 0260631 156.8135 204.5080 14.67640009302177
UNKNOWN                 
1 89484U          22114.68601024  .00001353  00000+0  12209-1 0  9996
2 89484  85.0767 119.3149 2554417 242.5485  89.3477  8.85544511236666
UNKNOWN                 
1 89490U          22116.37263492  .00003603  00000+0  16902-2 0  9999
2 89490  98.3970  87.8292 0131499 158.1411 202.5447 14.16225679291517
UNKNOWN                 
1 89492U          22115.14431649  .00001877  00000+0  13939-2 0  9994
2 89492  82.5315  57.1195 0025683 167.1514 193.0312 13.94451299382004
UNKNOWN                 
1 89493U          22115.07023748  .00001469  00000+0  87531-3 0  9991
2 89493  99.1186 154.9509 0094123 165.8425 194.5414 14.06724744276745
UNKNOWN                 
1 89494U          22116.36606435  .00001552  00000+0  92348-3 0  9990
2 89494  99.1184 156.2516 0094787 162.3370 198.1131 14.06707852276785
UNKNOWN                 
1 89496U          22116.13757915  .00020841  00000+0  23305-2 0  9995
2 89496  98.8718 184.3741 0083370 258.3077 100.8770 14.84429577282859
Format invalid for 270000
Format invalid for 270001
Format invalid for 270003
Format invalid for 270004
Format invalid for 270005
Format invalid for 270006
Format invalid for 270007
Format invalid for 270008
Format invalid for 270009
Format invalid for 270010
Format invalid for 270011
Format invalid for 270012
Format invalid for 270013
Format invalid for 270014
Format invalid for 270015
Format invalid for 270016
Format invalid for 270017
Format invalid for 270018
Format invalid for 270019
Format invalid for 270020
Format invalid for 270021
Format invalid for 270022
Format invalid for 270023
Format invalid for 270024
Format invalid for 270025
Format invalid for 270026
Format invalid for 270027
Format invalid for 270029
Format invalid for 270030
Format invalid for 270031
Format invalid for 270032
Format invalid for 270033
Format invalid for 270034
Format invalid for 270035
Format invalid for 270036
Format invalid for 270037
Format invalid for 270038
Format invalid for 270039
Format invalid for 270040
Format invalid for 270041
Format invalid for 270042
Format invalid for 270043
Format invalid for 270044
Format invalid for 270045
Format invalid for 270046
Format invalid for 270048
Format invalid for 270049
Format invalid for 270051
Format invalid for 270052
Format invalid for 270053
Format invalid for 270054
Format invalid for 270055
Format invalid for 270056
Format invalid for 270057
Format invalid for 270058
Format invalid for 270059
Format invalid for 270060
Format invalid for 270061
Format invalid for 270062
Format invalid for 270063
Format invalid for 270064
Format invalid for 270065
Format invalid for 270066
Format invalid for 270067
Format invalid for 270068
Format invalid for 270069
Format invalid for 270070
Format invalid for 270071
Format invalid for 270072
Format invalid for 270073
Format invalid for 270074
Format invalid for 270075
Format invalid for 270076
Format invalid for 270077
Format invalid for 270078
Format invalid for 270079
Format invalid for 270080
Format invalid for 270081
Format invalid for 270082
Format invalid for 270083
Format invalid for 270084
Format invalid for 270085
Format invalid for 270086
Format invalid for 270087
Format invalid for 270088
Format invalid for 270089
Format invalid for 270090
Format invalid for 270091
Format invalid for 270092
Format invalid for 270093
Format invalid for 270094
Format invalid for 270095
Format invalid for 270096
Format invalid for 270097
Format invalid for 270098
Format invalid for 270099
Format invalid for 270100
Format invalid for 270101
Format invalid for 270102
Format invalid for 270103
Format invalid for 270104
Format invalid for 270105
Format invalid for 270106
Format invalid for 270107
Format invalid for 270108
Format invalid for 270109
Format invalid for 270110
Format invalid for 270111
Format invalid for 270112
Format invalid for 270113
Format invalid for 270114
Format invalid for 270115
Format invalid for 270116
Format invalid for 270117
Format invalid for 270118
Format invalid for 270119
Format invalid for 270120
Format invalid for 270121
Format invalid for 270122
Format invalid for 270123
Format invalid for 270124
Format invalid for 270125
Format invalid for 270126
Format invalid for 270127
Format invalid for 270128
Format invalid for 270129
Format invalid for 270130
Format invalid for 270131
Format invalid for 270133
Format invalid for 270134
Format invalid for 270135
Format invalid for 270136
Format invalid for 270137
Format invalid for 270138
Format invalid for 270139
Format invalid for 270140
Format invalid for 270143
Format invalid for 270145
Format invalid for 270146
Format invalid for 270147
Format invalid for 270148
Format invalid for 270149
Format invalid for 270152
Format invalid for 270153
Format invalid for 270154
Format invalid for 270155
Format invalid for 270156
Format invalid for 270157
Format invalid for 270158
Format invalid for 270159
Format invalid for 270160
Format invalid for 270161
Format invalid for 270162
Format invalid for 270163
Format invalid for 270164
Format invalid for 270165
Format invalid for 270166
Format invalid for 270167
Format invalid for 270168
Format invalid for 270169
Format invalid for 270170
Format invalid for 270171
Format invalid for 270172
Format invalid for 270173
Format invalid for 270174
Format invalid for 270175
Format invalid for 270176
Format invalid for 270177
Format invalid for 270178
Format invalid for 270179
Format invalid for 270180
Format invalid for 270181
Format invalid for 270182
Format invalid for 270183
Format invalid for 270184
Format invalid for 270185
Format invalid for 270186
Format invalid for 270187
Format invalid for 270188
Format invalid for 270189
Format invalid for 270190
Format invalid for 270191
Format invalid for 270192
Format invalid for 270193
Format invalid for 270194
Format invalid for 270195
Format invalid for 270196
Format invalid for 270197
Format invalid for 270198
Format invalid for 270199
Format invalid for 270200
Format invalid for 270201
Format invalid for 270202
Format invalid for 270203
Format invalid for 270204
Format invalid for 270205
Format invalid for 270206
Format invalid for 270207
Format invalid for 270208
Format invalid for 270209
Format invalid for 270210
Format invalid for 270211
Format invalid for 270212
Format invalid for 270213
Format invalid for 270214
Format invalid for 270215
Format invalid for 270216
Format invalid for 270217
Format invalid for 270218
Format invalid for 270219
Format invalid for 270220
Format invalid for 270221
Format invalid for 270222
Format invalid for 270223
Format invalid for 270224
Format invalid for 270226
Format invalid for 270227
Format invalid for 270228
Format invalid for 270229
Format invalid for 270230
Format invalid for 270231
Format invalid for 270232
Format invalid for 270233
Format invalid for 270234
Format invalid for 270235
Format invalid for 270236
Format invalid for 270237
Format invalid for 270238
Format invalid for 270239
Format invalid for 270240
Format invalid for 270241
Format invalid for 270242
Format invalid for 270243
Format invalid for 270244
Format invalid for 270245
Format invalid for 270246
Format invalid for 270247
Format invalid for 270248
Format invalid for 270249
Format invalid for 270250
Format invalid for 270251
Format invalid for 270252
Format invalid for 270253
Format invalid for 270255
Format invalid for 270256
Format invalid for 270257
Format invalid for 270258
Format invalid for 270260
Format invalid for 270261
Format invalid for 270262
Format invalid for 270263
Format invalid for 270264
Format invalid for 270265
Format invalid for 270266
Format invalid for 270267
Format invalid for 270268
Format invalid for 270269
Format invalid for 270271
Format invalid for 270272
Format invalid for 270274
Format invalid for 270275
Format invalid for 270276
Format invalid for 270277
Format invalid for 270278
Format invalid for 270279
Format invalid for 270280
Format invalid for 270281
Format invalid for 270282
Format invalid for 270283
Format invalid for 270284
Format invalid for 270285
Format invalid for 270286
Format invalid for 270287
