NOAA 15                 
1 25338U 98030A   22117.13309684  .00000194  00000+0  99144-4 0  9992
2 25338  98.6492 147.3277 0011581  88.4447 271.8060 14.26113971245957
NOAA 18                 
1 28654U 05018A   22117.21281079  .00000189  00000+0  12577-3 0  9994
2 28654  98.9515 187.6840 0015336 115.4985 244.7774 14.12718663872831
NOAA 19                 
1 33591U 09005A   22117.13738852  .00000172  00000+0  11793-3 0  9998
2 33591  99.1533 150.1832 0013353 335.9858  24.0689 14.12554105681203
METOP-B                 
1 38771U 12049A   22117.17250726  .00000111  00000+0  70708-4 0  9993
2 38771  98.7001 177.6722 0001273 139.7601 280.5097 14.21496753498447
SARAL                   
1 39086U 13009A   22116.82557635  .00000131  00000+0  65082-4 0  9991
2 39086  98.5480 303.2326 0002252  76.4073 283.7361 14.32033347479098
METOP-C                 
1 43689U 18087A   22117.19801103  .00000115  00000+0  72305-4 0  9997
2 43689  98.6882 177.9893 0003070 165.7061 194.4203 14.21500392180024
ANGELS                  
1 44876U 19092D   22116.77792186  .00003260  00000+0  16523-3 0  9999
2 44876  97.4744 300.8290 0012433 170.7225 189.4241 15.17609486130409
