SAUDISAT 1C             
1 27607U 02058C   22116.69581852  .00001078  00000+0  16939-3 0  9999
2 27607  64.5537 100.2756 0075408 304.6502  54.7507 14.76031676 40732
SAUDISAT 2              
1 28371U 04025F   22116.83191193  .00000277  00000+0  75745-4 0  9996
2 28371  98.3713  73.4862 0024312 263.9430  95.9019 14.54528421945785
SAUDISAT 3              
1 31118U 07012B   22117.09519023  .00000382  00000+0  72856-4 0  9990
2 31118  97.9648  65.3955 0015209   4.9254 355.2099 14.69297356805618
PISAT                   
1 41784U 16059B   22116.87577722  .00000730  00000+0  14786-3 0  9990
2 41784  97.9213 162.2220 0031050 334.9788  24.9908 14.63837889298146
FLYING LAPTOP           
1 42831U 17042G   22116.87944290  .00001296  00000+0  13388-3 0  9990
2 42831  97.4306 334.3230 0014029 173.8115 186.3294 14.91661015260408
SALSAT                  
1 46495U 20068K   22116.81447450  .00002859  00000+0  20943-3 0  9993
2 46495  97.7260  58.1221 0018711  92.1279 268.2090 15.04229170 86426
