PROBA-1                 
1 26958U 01049B   22117.13877353  .00000900  00000+0  81219-4 0  9997
2 26958  97.8170  77.0701 0072241 154.1683 206.3183 14.96183762116806
BIRD 2                  
1 26959U 01049C   22117.17078793  .00015152  00000+0  34659-3 0  9993
2 26959  97.7613 205.5513 0007088 186.6393 173.4760 15.42898656139034
CUTE-1 (CO-55)          
1 27844U 03031E   22116.44408821  .00000279  00000+0  14489-3 0  9991
2 27844  98.6805 124.9131 0008686 250.3026 109.7215 14.22421117976473
CUBESAT XI-IV (CO-57)   
1 27848U 03031J   22116.88349539  .00000272  00000+0  14292-3 0  9998
2 27848  98.6852 125.8756 0008525 264.7676  95.2529 14.21982654976355
GENESIS 1               
1 29252U 06029A   22116.76491437  .00005140  00000+0  23466-3 0  9993
2 29252  64.5219 240.7842 0060179 270.0750  89.3478 15.20184748871117
FALCONSAT-3             
1 30776U 07006E   22116.78722718  .00039908  00000+0  69721-3 0  9996
2 30776  35.4313 237.8266 0000490 330.4311  29.6392 15.49636307841554
GENESIS 2               
1 31789U 07028A   22116.80013021  .00005385  00000+0  25901-3 0  9992
2 31789  64.4955 283.7126 0042501 325.3765  34.4592 15.19116953818055
APRIZESAT 4             
1 35684U 09041D   22116.90674139  .00000728  00000+0  10316-3 0  9991
2 35684  98.3137 128.7851 0047473 155.6212 204.7259 14.79571495687493
APRIZESAT 3             
1 35686U 09041F   22117.18695448  .00000927  00000+0  10342-3 0  9990
2 35686  98.1061 202.7387 0072105 354.9709   5.0774 14.87817063691033
PROBA-2                 
1 36037U 09059B   22116.86000066  .00000205  00000+0  60176-4 0  9990
2 36037  98.2245 304.4336 0012142 268.0735  91.9071 14.53242086661763
APRIZESAT 5             
1 37792U 11044E   22117.17570437  .00000627  00000+0  97520-4 0  9996
2 37792  98.3332 351.0777 0058108 166.4277 193.8510 14.75686372575589
APRIZESAT 6             
1 37793U 11044F   22117.16314063  .00000589  00000+0  99617-4 0  9993
2 37793  98.4077 327.4915 0045913 216.2619 261.3252 14.72720294574461
TET-1                   
1 38710U 12039D   22117.17420316  .00049082  00000+0  48796-3 0  9990
2 38710  97.5121 194.2053 0002034 177.7589 182.3680 15.65599531549378
PROBA-V                 
1 39159U 13021A   22117.10780577  .00000063  00000+0  45985-4 0  9995
2 39159  98.3630 155.5828 0003212 229.9882 130.1016 14.23027792466027
STPSAT-3                
1 39380U 13064A   22117.03163951  .00010220  00000+0  23657-3 0  9998
2 39380  40.4995 348.0696 0007020 298.4589  61.5520 15.42297773473006
APRIZESAT 7             
1 39416U 13066A   22116.91872167  .00001026  00000+0  12655-3 0  9992
2 39416  97.5690  99.6427 0041234 165.7226 194.5165 14.84353105456393
APRIZESAT 8             
1 39425U 13066K   22116.91988715  .00000824  00000+0  10930-3 0  9998
2 39425  97.6224  90.8412 0050828 207.9614 151.8867 14.81526515455335
BUGSAT-1 (TITA)         
1 40014U 14033E   22117.25475909  .00002261  00000+0  20324-3 0  9998
2 40014  98.1411 113.5865 0030200 205.0218 154.9542 14.96447661428481
SAUDISAT 4              
1 40016U 14033G   22116.82908847  .00000503  00000+0  79889-4 0  9992
2 40016  97.6449 314.5092 0047020 310.0017  49.7070 14.75506308422780
APRIZESAT 9             
1 40018U 14033J   22117.02000538  .00000508  00000+0  89008-4 0  9996
2 40018  97.7122 290.3905 0071602  19.8058 340.5904 14.70213502421229
APRIZESAT 10            
1 40019U 14033K   22117.00736768  .00000559  00000+0  10220-3 0  9991
2 40019  97.7626 279.9228 0085243  61.0804 299.8918 14.67260285420433
TDS 1                   
1 40076U 14037H   22116.91554316  .00002851  00000+0  33777-3 0  9993
2 40076  98.3995 347.0239 0005734 231.1525 128.9177 14.85415198422052
TIANTUO 2               
1 40144U 14053B   22117.22221266  .00006808  00000+0  18779-3 0  9998
2 40144  97.1945 198.1861 0011798  32.6656  24.1588 15.37345992427221
TECHNOSAT               
1 42829U 17042E   22117.17344909  .00001478  00000+0  15182-3 0  9998
2 42829  97.4278 334.2908 0014105 172.6938 187.4490 14.91710262260442
FLYING LAPTOP           
1 42831U 17042G   22116.87944290  .00001296  00000+0  13388-3 0  9990
2 42831  97.4306 334.3230 0014029 173.8115 186.3294 14.91661015260408
HAWK-A                  
1 43765U 18099H   22116.87299058  .00003275  00000+0  28987-3 0  9995
2 43765  97.6225 186.1748 0016600  86.2526 274.0594 14.96860495185428
HAWK-B                  
1 43794U 18099AN  22116.73964678  .00003132  00000+0  27739-3 0  9995
2 43794  97.6224 186.0447 0016688  86.7575 273.5555 14.96858243185394
HAWK-C                  
1 43799U 18099AT  22116.60576880  .00002725  00000+0  24200-3 0  9997
2 43799  97.6223 185.8251 0016556  87.0411 273.2706 14.96858893186123
SALSAT                  
1 46495U 20068K   22116.81447450  .00002859  00000+0  20943-3 0  9993
2 46495  97.7260  58.1221 0018711  92.1279 268.2090 15.04229170 86426
