TDRS 3                  
1 19548U 88091B   22116.37921709 -.00000314  00000+0  00000+0 0  9990
2 19548  13.7529 351.7331 0037144 334.6989 335.5653  1.00276863110218
FLTSATCOM 8 (USA 46)    
1 20253U 89077A   22116.75049156 -.00000093  00000+0  00000+0 0  9993
2 20253  12.8757   0.5772 0006214  80.3094 115.8860  1.00272267245447
SKYNET 4C               
1 20776U 90079A   22115.84324541  .00000112  00000+0  00000+0 0  9991
2 20776  13.8219   0.4579 0002658  34.0329 156.3336  1.00278612115714
TDRS 5                  
1 21639U 91054B   22116.67307704  .00000071  00000+0  00000+0 0  9992
2 21639  14.2428   5.0613 0026845   0.9472 283.3153  1.00276959112543
TDRS 6                  
1 22314U 93003B   22116.44173181 -.00000308  00000+0  00000+0 0  9998
2 22314  14.1291   8.2946 0010677  95.5450 223.5511  1.00265773107233
UFO 2 (USA 95)          
1 22787U 93056A   22116.84699247  .00000113  00000+0  00000+0 0  9993
2 22787  11.4559  11.4272 0004549  19.3955 157.5972  1.00272142103384
USA 99 (MILSTAR-1 1)    
1 22988U 94009A   22116.33133514 -.00000205  00000+0  00000+0 0  9992
2 22988  15.2662  43.6695 0001423 335.9604 223.9551  1.00273916 17796
USA 107 (DSP 17)        
1 23435U 94084A   22116.44141753 -.00000180  00000+0  00000+0 0  9991
2 23435  14.5866   6.1811 0001948  85.0038 185.7080  1.00273259 17783
UFO 4 (USA 108)         
1 23467U 95003A   22116.71481865 -.00000035  00000+0  00000+0 0  9998
2 23467   9.8677  18.0578 0004834  46.1893 220.1409  1.00269359 99786
AMSC 1                  
1 23553U 95019A   22116.30927399 -.00000105  00000+0  00000+0 0  9991
2 23553  11.8995  26.5611 0007478   5.5310 186.0811  1.00271975 99009
TDRS 7                  
1 23613U 95035B   22116.64303473 -.00000216  00000+0  00000+0 0  9997
2 23613  13.9983 358.9788 0030092  47.0129 124.9822  1.00272034 98087
USA 113                 
1 23628U 95038A   22116.71834569 -.00000349  00000+0  00000+0 0  9996
2 23628  12.0343  25.3757 0000901 336.4561 215.1232  1.00268444 17804
USA 115 (MILSTAR-1 2)   
1 23712U 95060A   22117.19315542 -.00000031  00000+0  00000+0 0  9991
2 23712  13.5069  14.6749 0002111  22.8008 127.1929  1.00273814 16483
INMARSAT 3-F1           
1 23839U 96020A   22116.17479838 -.00000081  00000+0  00000+0 0  9999
2 23839   7.4344  58.4418 0007414   2.7723 214.7242  1.00001622 95127
INMARSAT 3-F2           
1 24307U 96053A   22116.61685184  .00000034  00000+0  00000+0 0  9995
2 24307   6.4023  67.3588 0010199 350.0087 258.0779  0.99981343 93795
AMC-1 (GE-1)            
1 24315U 96054A   22116.60601206  .00000054  00000+0  00000+0 0  9999
2 24315   5.4998  73.5753 0003508 323.8429 264.4145  1.00271647 31153
INMARSAT 3-F3           
1 24674U 96070A   22116.79422549 -.00000371  00000+0  00000+0 0  9999
2 24674   7.0254  62.0792 0006701 349.8816 212.8489  0.99995541 92783
GALAXY 25 (G-25)        
1 24812U 97026A   22116.85604904 -.00000015  00000+0  00000+0 0  9994
2 24812   3.5642  84.1378 0005458 341.1601 163.8031  1.00271991 91213
INTELSAT 5 (IS-5)       
1 24916U 97046A   22116.66117611 -.00000008  00000+0  00000+0 0  9996
2 24916   7.1200  61.4092 0002265  38.7005 169.4164  1.00154734 90458
AMC-3 (GE-3)            
1 24936U 97050A   22116.82693229 -.00000271  00000+0  00000+0 0  9997
2 24936   4.4212  79.9452 0003116 323.0739  37.4623  1.00273119 37271
USA 134                 
1 25019U 97065A   22116.38948552 -.00000072  00000+0  00000+0 0  9998
2 25019  10.9959  31.8180 0006210   0.4776 210.0690  1.00271606 17780
ASTRA 1G                
1 25071U 97076A   22116.62986479  .00000104  00000+0  00000+0 0  9990
2 25071   6.1294  68.6747 0003967 321.7963  70.2657  1.00269793 89341
INMARSAT 3-F5           
1 25153U 98006B   22116.36885587 -.00000300  00000+0  00000+0 0  9993
2 25153   6.2870  66.1707 0005109 337.1766 249.7288  1.00267711 88726
UFO 8 (USA 138)         
1 25258U 98016A   22116.61040477 -.00000037  00000+0  00000+0 0  9996
2 25258   9.3727  30.1126 0003537  28.5148 187.3412  1.00274946 88680
ASTRA 2A                
1 25462U 98050A   22116.84690524  .00000137  00000+0  00000+0 0  9990
2 25462   3.2778  86.0821 0002483 322.8392 138.8284  1.00276983 31171
SKYNET 4E               
1 25639U 99009B   22117.11680571 -.00000046  00000+0  00000+0 0  9993
2 25639  11.2237  17.1992 0002860  29.9490 208.7505  1.00271469 84853
ABS-7                   
1 25894U 99046A   22116.84702178 -.00000292  00000+0  00000+0 0  9997
2 25894   2.6346  88.1639 0005849 338.8759  46.9725  0.99969887 81967
ABS-6                   
1 25924U 99053A   22116.87298347 -.00000134  00000+0  00000+0 0  9995
2 25924   0.0279  50.3378 0002982  19.6238 258.1806  1.00271013 82676
AMC-4 (GE-4)            
1 25954U 99060A   22117.20916792  .00000075  00000+0  00000+0 0  9998
2 25954   1.3920  92.3565 0003146 312.3586 110.8578  1.00273106 82329
UFO 10 (USA 146)        
1 25967U 99063A   22116.83451998 -.00000198  00000+0  00000+0 0  9992
2 25967   8.6496  33.6067 0003855  35.8373  62.9507  1.00272302 82184
GALAXY 11 (G-11)        
1 26038U 99071A   22117.11110604 -.00000174  00000+0  00000+0 0  9993
2 26038   2.8699  88.4414 0000302  26.7622  46.7794  1.00271808 81917
USA 148                 
1 26052U 00001A   22116.64650057  .00000029  00000+0  00000+0 0  9990
2 26052   9.4600  42.7182 0001332 346.3859 238.6453  1.00272124 17791
ASIASTAR                
1 26107U 00016A   22116.86216841 -.00000344  00000+0  00000+0 0  9991
2 26107   5.5620  72.3849 0004694 332.9111 224.8804  1.00268218 80758
USA 149 (DSP 20)        
1 26356U 00024A   22116.64636353  .00000084  00000+0  00000+0 0  9996
2 26356  12.0465  21.8512 0000841 227.4325  32.1847  1.00269509 17745
TDRS 8                  
1 26388U 00034A   22116.98220303 -.00000238  00000+0  00000+0 0  9995
2 26388  10.2883  42.9042 0023302 341.8756 272.5523  1.00263007 80009
INTELSAT 9 (IS-9)       
1 26451U 00043A   22117.13505065 -.00000297  00000+0  00000+0 0  9990
2 26451   7.1078  61.5840 0002782 339.4304 172.7077  1.00272269 79682
NSS-11 (AAP-1)          
1 26554U 00059A   22116.80460446  .00000010  00000+0  00000+0 0  9999
2 26554   0.0187  89.6694 0002986 288.6476 302.1127  1.00270314 26123
USA 153                 
1 26575U 00065A   22116.67688236 -.00000336  00000+0  00000+0 0  9995
2 26575   9.0156  46.0458 0001848   5.7987 180.8645  1.00269140 17768
AMC-6 (GE-6)            
1 26580U 00067A   22116.67002685  .00000090  00000+0  00000+0 0  9997
2 26580   0.0198  60.3322 0002558 338.3026 278.2054  1.00272956 78759
INTELSAT 1R (IS-1R)     
1 26608U 00072A   22116.80085407 -.00000149  00000+0  00000+0 0  9998
2 26608   4.3424  80.5735 0000604 340.0233 239.6160  1.00272517 26150
ANIK F1                 
1 26624U 00076A   22116.67595769 -.00000075  00000+0  00000+0 0  9990
2 26624   1.3064  93.1493 0009322 332.6513 283.0271  1.00272393 27979
ASTRA 2D                
1 26638U 00081A   22116.55893189  .00000118  00000+0  00000+0 0  9992
2 26638   7.1855  60.6488 0001997 324.7362  54.0060  1.00271249 37740
AMC-8 (GE-8)            
1 26639U 00081B   22116.67081182  .00000075  00000+0  00000+0 0  9990
2 26639   2.3173  89.0978 0002878 313.1384 278.8998  1.00272849 78169
USA 157 (MILSTAR-2 2)   
1 26715U 01009A   22116.46264150  .00000002  00000+0  00000+0 0  9991
2 26715   9.9671  27.4111 0001874  16.8323 212.3901  1.00271868 17788
EUTELSAT 133 WEST A     
1 26719U 01011A   22116.67124792  .00000065  00000+0  00000+0 0  9997
2 26719   3.5887  83.2333 0002202 316.7612 283.4396  1.00271045 77371
INTELSAT 10 (IS-10)     
1 26766U 01019A   22116.69007619  .00000023  00000+0  00000+0 0  9991
2 26766   5.4588  73.7938 0004329 326.1459 240.9290  1.00271320 30458
INTELSAT 901 (IS-901)   
1 26824U 01024A   22116.26169837 -.00000218  00000+0  00000+0 0  9993
2 26824   0.0218 112.2328 0000939 302.1530 226.5760  1.00269361  7800
ASTRA 2C                
1 26853U 01025A   22117.18705117 -.00000269  00000+0  00000+0 0  9991
2 26853   4.4470  79.7462 0002696 325.2933 164.9729  1.00273796 76411
USA 159 (DSP 21)        
1 26880U 01033A   22116.31418315 -.00000309  00000+0  00000+0 0  9990
2 26880  11.3807  26.1053 0000539 129.0464 123.1948  1.00275233 17791
INTELSAT 902 (IS-902)   
1 26900U 01039A   22116.85952359 -.00000294  00000+0  00000+0 0  9992
2 26900   2.2767  89.5184 0003237 311.1912  73.4598  1.00273161 75538
USA 164 (MILSTAR-2 3)   
1 27168U 02001A   22116.91685417  .00000089  00000+0  00000+0 0  9995
2 27168   9.4562  29.2304 0002030  21.8390 152.7958  1.00273349 16485
ECHOSTAR 7              
1 27378U 02006A   22116.87464061 -.00000146  00000+0  00000+0 0  9993
2 27378   0.1135  88.2785 0005849 320.9759 287.8458  0.99850680 35430
INTELSAT 904 (IS-904)   
1 27380U 02007A   22116.97895347 -.00000225  00000+0  00000+0 0  9991
2 27380   3.1116  86.4493 0002975 309.5012 141.9202  1.00272235 73923
TDRS 9                  
1 27389U 02011A   22117.17725689 -.00000296  00000+0  00000+0 0  9997
2 27389   8.9128  61.2742 0027311 300.9840 214.2160  1.00280096 75272
ASTRA 3A                
1 27400U 02015B   22116.45989221 -.00000214  00000+0  00000+0 0  9999
2 27400   7.2906  59.5122 0001292 330.2288 263.3837  1.00268605 73553
NSS-7                   
1 27414U 02019A   22116.83451998 -.00000168  00000+0  00000+0 0  9993
2 27414   5.7810  71.7188 0002720 330.9155  92.5853  1.00271449 73404
DIRECTV 5 (TEMPO 1)     
1 27426U 02023A   22116.63088400 -.00000070  00000+0  00000+0 0  9995
2 27426   0.9989  93.6763 0003325 308.4643 289.4670  1.00272267 72959
INTELSAT 905 (IS-905)   
1 27438U 02027A   22117.14146434 -.00000196  00000+0  00000+0 0  9990
2 27438   2.9332  87.1959 0002633 304.1173 210.2269  1.00272143 72806
GALAXY 3C (G-3C)        
1 27445U 02030A   22116.53529576 -.00000165  00000+0  00000+0 0  9992
2 27445   0.0423  51.1592 0001754 276.6318 344.3529  1.00268415 31333
EUTELSAT 5 WEST A       
1 27460U 02035A   22116.84027667 -.00000055  00000+0  00000+0 0  9990
2 27460   2.1913  89.8689 0005967 305.2119 117.2301  1.00271009 72456
METEOSAT-8 (MSG-1)      
1 27509U 02040B   22115.98841309  .00000123  00000+0  00000+0 0  9996
2 27509   7.9442  50.9303 0001900 333.1102 227.4112  1.00280107 72089
INTELSAT 906 (IS-906)   
1 27513U 02041A   22116.85604904  .00000002  00000+0  00000+0 0  9993
2 27513   1.9443  91.0299 0004179 314.0756 182.0417  1.00272007 71862
HISPASAT 30W-4          
1 27528U 02044A   22117.22205416  .00000106  00000+0  00000+0 0  9994
2 27528   2.6776  86.5974 0002573 242.6829 182.7353  1.00267396 71789
TDRS 10                 
1 27566U 02055A   22116.63111374  .00000079  00000+0  00000+0 0  9990
2 27566   8.1104  50.2485 0009785 333.9199 246.5083  1.00275325 71069
NSS-6                   
1 27603U 02057A   22116.80748265  .00000095  00000+0  00000+0 0  9996
2 27603   1.4819  92.1322 0003739 316.3589 287.4549  1.00273907 70879
NIMIQ 2                 
1 27632U 02062A   22116.63320598 -.00000077  00000+0  00000+0 0  9991
2 27632   5.8881  70.9628 0003304  30.4808 231.9307  1.00271591 29010
USA 167                 
1 27691U 03008A   22116.60650948  .00000044  00000+0  00000+0 0  9992
2 27691   7.9443  54.9437 0003083   3.8743 243.8960  1.00273153 17782
USA 169 (MILSTAR-2 4)   
1 27711U 03012A   22116.64146575 -.00000205  00000+0  00000+0 0  9990
2 27711  10.0508  40.5743 0001694 354.7100 202.3979  1.00273284 17789
GALAXY 12 (G-12)        
1 27715U 03013B   22117.21641575  .00000047  00000+0  00000+0 0  9992
2 27715   3.1453  86.0535 0002232 327.1127 110.9131  1.00271172 69843
ASIASAT 4               
1 27718U 03014A   22116.87027970 -.00000222  00000+0  00000+0 0  9990
2 27718   0.8388  94.5802 0002321  99.9978 119.0195  1.00427886 30130
HELLAS-SAT 2            
1 27811U 03020A   22116.83931726 -.00000093  00000+0  00000+0 0  9996
2 27811   3.5598  85.1066 0006182 307.2004 114.6762  1.00272603 27681
THURAYA-2               
1 27825U 03026A   22116.85004509  .00000116  00000+0  00000+0 0  9994
2 27825   6.6721  34.4003 0002690 342.1325 188.3086  1.00273979 69174
OPTUS C1                
1 27831U 03028B   22116.87228573 -.00000162  00000+0  00000+0 0  9996
2 27831   3.0737  86.9789 0006013 313.1197 284.5055  1.00271290 37893
GALAXY 23 (G-23)        
1 27854U 03034A   22116.67360279 -.00000002  00000+0  00000+0 0  9999
2 27854   0.0095 230.6198 0002933 167.9020 297.6327  1.00272615 68579
USA 170                 
1 27875U 03040A   22116.68930206 -.00000283  00000+0  00000+0 0  9994
2 27875   7.2772  60.2495 0002253 359.3747   0.6687  1.00275239 17792
GALAXY 13 (HORIZONS-1)  
1 27954U 03044A   22116.67246896  .00000034  00000+0  00000+0 0  9993
2 27954   0.0136 264.9068 0000614 257.0389 167.7789  1.00271027 31402
YAMAL 202               
1 28089U 03053A   22116.87385565 -.00000091  00000+0  00000+0 0  9996
2 28089   2.5075  88.4656 0005800 335.2313 269.2439  1.00272469 67513
UFO 11 (USA 174)        
1 28117U 03057A   22116.85606314 -.00000105  00000+0  00000+0 0  9994
2 28117   6.9142  37.9103 0006144  13.6924 185.9112  1.00271465 67282
USA 176 (DSP 22)        
1 28158U 04004A   22116.78689917 -.00000229  00000+0  00000+0 0  9991
2 28158  10.0271  35.5559 0000854  33.0900 156.7411  1.00270297 17765
ABS-4 (MOBISAT-1)       
1 28184U 04007A   22116.85604904  .00000028  00000+0  00000+0 0  9990
2 28184   2.1931  89.6754 0005574 312.2187 182.1057  1.00273886 37172
EUTELSAT 7A             
1 28187U 04008A   22117.20427076  .00000093  00000+0  00000+0 0  9999
2 28187   1.9826  88.6390 0004177 312.0929 108.7634  1.00272136 66411
AMC-11 (GE-11)          
1 28252U 04017A   22117.21366378  .00000056  00000+0  00000+0 0  9999
2 28252   0.0045   6.3401 0002555  26.3017 128.4428  1.00270411 65545
INTELSAT 10-02          
1 28358U 04022A   22116.77827243 -.00000025  00000+0  00000+0 0  9992
2 28358   0.0150 231.7083 0000719 189.9425  72.2942  1.00270749 65381
ANIK F2                 
1 28378U 04027A   22116.96264369 -.00000063  00000+0  00000+0 0  9996
2 28378   0.0750  92.1176 0002474  89.6994 268.5669  1.00270979 65198
AMC-15                  
1 28446U 04041A   22116.96386475 -.00000103  00000+0  00000+0 0  9996
2 28446   0.0564  61.7899 0002651 341.7092  53.3579  1.00271889 64188
NSS-10 (AMC-12)         
1 28526U 05003A   22116.84146751 -.00000262  00000+0  00000+0 0  9998
2 28526   2.6573  87.8627 0003063 297.5753  94.8389  1.00272363 37999
XTAR-EUR                
1 28542U 05005A   22116.32422191  .00000136  00000+0  00000+0 0  9995
2 28542   0.4475  94.8409 0003255 302.4896 322.6842  1.00272911 63014
XM-3 (RHYTHM)           
1 28626U 05008A   22117.11120153 -.00000218  00000+0  00000+0 0  9994
2 28626   0.0164 116.1097 0000753  73.2365 340.6406  1.00266954 62906
INMARSAT 4-F1           
1 28628U 05009A   22116.94162413 -.00000273  00000+0  00000+0 0  9993
2 28628   3.5775  34.5361 0003117  14.1017 288.7499  1.00271286 62500
DIRECTV 8               
1 28659U 05019A   22116.67403889 -.00000013  00000+0  00000+0 0  9995
2 28659   0.0172 254.4297 0003045 151.9223 291.9003  1.00272503 61900
GALAXY 28 (G-28)        
1 28702U 05022A   22116.90118750 -.00000199  00000+0  00000+0 0  9999
2 28702   0.0202 302.0323 0002277 109.4331  38.8199  1.00269717 36816
EXPRESS-AM3             
1 28707U 05023A   22117.22254347  .00000059  00000+0  00000+0 0  9998
2 28707   3.4707  84.2925 0001698 312.4153 136.2350  0.98997505 61672
THAICOM 4               
1 28786U 05028A   22117.00862694 -.00000376  00000+0  00000+0 0  9999
2 28786   0.0144 234.2571 0002261 159.1563 304.1663  1.00266716 61163
GALAXY 14 (G-14)        
1 28790U 05030A   22116.84786463  .00000142  00000+0  00000+0 0  9997
2 28790   1.1339  92.6202 0001832 303.0690 157.2553  1.00274036 61144
ANIK F1R                
1 28868U 05036A   22116.67639378 -.00000088  00000+0  00000+0 0  9992
2 28868   0.4306  93.5903 0003158 306.9579 310.2895  1.00271900 31284
GALAXY 15 (G-15)        
1 28884U 05041A   22116.67124792  .00000064  00000+0  00000+0 0  9998
2 28884   0.0356  87.2568 0001926 308.0231 288.0074  1.00271419 60445
SYRACUSE 3A             
1 28885U 05041B   22116.85065562  .00000115  00000+0  00000+0 0  9995
2 28885   0.9932  93.8256 0003388 307.1028 167.1545  1.00274902 60585
INMARSAT 4-F2           
1 28899U 05044A   22116.85604904 -.00000002  00000+0  00000+0 0  9998
2 28899   3.4661  36.9170 0002767  15.8413 174.1265  1.00271676 60358
SPACEWAY 2              
1 28903U 05046B   22116.67002685  .00000091  00000+0  00000+0 0  9991
2 28903   1.7938  88.2049 0000011 340.7281 248.0260  1.00272162 36170
METEOSAT-9 (MSG-2)      
1 28912U 05049B   22116.06097858  .00000117  00000+0  00000+0 0  9992
2 28912   5.9053  66.6195 0000344 323.1075 251.7443  1.00268782 59869
EUTELSAT 174A           
1 28924U 05052A   22116.80416836 -.00000004  00000+0  00000+0 0  9998
2 28924   0.3829  91.6224 0006418 309.0520 277.6003  1.00273151 37163
ECHOSTAR 10             
1 28935U 06003A   22116.67578325 -.00000070  00000+0  00000+0 0  9997
2 28935   0.0142 257.5482 0001048 150.4818 299.6767  1.00274048 59308
SPAINSAT                
1 28945U 06007A   22116.48763639 -.00000231  00000+0  00000+0 0  9994
2 28945   0.0272 243.1404 0002928 169.8426 307.0359  1.00271733 59056
EUTELSAT HOTBIRD 13E    
1 28946U 06007B   22116.84385260  .00000073  00000+0  00000+0 0  9998
2 28946   0.0799 127.1683 0003148 311.0976  93.3052  1.00271887 59153
JCSAT-5A                
1 29045U 06010A   22116.86757594 -.00000342  00000+0  00000+0 0  9998
2 29045   0.0447  83.8895 0002222 343.4544 231.8571  1.00271422 58596
ASTRA 1KR               
1 29055U 06012A   22116.84507366  .00000106  00000+0  00000+0 0  9996
2 29055   0.0164 196.2832 0000627 174.1399 167.8503  1.00278621 30565
EWS-G1 (GOES 13)        
1 29155U 06018A   22116.85604904  .00000021  00000+0  00000+0 0  9996
2 29155   0.4694  96.6713 0001250 109.8243  18.1348  1.00273941 28219
EUTELSAT 113 WEST A     
1 29162U 06020A   22116.62761236 -.00000052  00000+0  00000+0 0  9999
2 29162   0.0104 325.6875 0003005  67.7463 294.1097  1.00271544 58306
GALAXY 16 (G-16)        
1 29236U 06023A   22116.60622868 -.00000142  00000+0  00000+0 0  9999
2 29236   0.0271 267.5014 0002960 144.2653 282.0496  1.00273940 57808
EUTELSAT HOTBIRD 13B    
1 29270U 06032A   22116.84385260  .00000072  00000+0  00000+0 0  9996
2 29270   0.0868  45.6654 0005648 332.2116 153.7035  1.00272230 32146
JCSAT-3A                
1 29272U 06033A   22116.86679097 -.00000359  00000+0  00000+0 0  9994
2 29272   0.0122 255.9580 0002164 153.4341 245.4876  1.00273859 32575
SYRACUSE 3B             
1 29273U 06033B   22116.84027667 -.00000058  00000+0  00000+0 0  9999
2 29273   0.0320 104.0341 0004698 310.0430  98.0259  1.00271456 57541
KOREASAT 5 (MUGUNGWHA 5)
1 29349U 06034A   22117.22549686 -.00000371  00000+0  00000+0 0  9995
2 29349   0.0176 251.4087 0001226 146.8919  11.1307  1.00270907 57471
DIRECTV 9S              
1 29494U 06043A   22116.90674476 -.00000127  00000+0  00000+0 0  9995
2 29494   0.0408  76.6526 0003043 330.3460  33.0957  1.00271334 36213
OPTUS D1                
1 29495U 06043B   22116.87315792 -.00000125  00000+0  00000+0 0  9993
2 29495   0.0190 277.3428 0003489 120.3562 291.4762  1.00271393 56982
XM-4 (BLUES)            
1 29520U 06049A   22116.96334144 -.00000130  00000+0  00000+0 0  9996
2 29520   0.0345 292.2357 0003928  21.1164 140.8223  1.00571163 56835
BADR-4                  
1 29526U 06051A   22116.84646914  .00000130  00000+0  00000+0 0  9992
2 29526   0.0532 320.2443 0003621  56.2716 169.0037  1.00275450 36103
WILDBLUE-1              
1 29643U 06054A   22116.63098887 -.00000064  00000+0  00000+0 0  9999
2 29643   0.0114 229.9303 0001755 179.7094 280.9243  1.00272140 56371
AMC-18                  
1 29644U 06054B   22117.07965983 -.00000229  00000+0  00000+0 0  9992
2 29644   0.0037   9.9820 0002603  34.2969 116.4397  1.00269845 56376
SKYNET 5A               
1 30794U 07007B   22116.89076951 -.00000284  00000+0  00000+0 0  9997
2 30794   2.0051  88.6031 0002949 327.8225 214.2880  1.00273695 55482
ANIK F3                 
1 31102U 07009A   22116.67412611 -.00000015  00000+0  00000+0 0  9998
2 31102   0.0164 239.5327 0002301 156.7106 302.3745  1.00269460 31391
ASTRA 1L                
1 31306U 07016A   22116.91685417  .00000106  00000+0  00000+0 0  9995
2 31306   0.0425  28.4626 0003441 324.4503 211.2170  1.00273916 54874
GALAXY 17 (G-17)        
1 31307U 07016B   22117.07965983 -.00000188  00000+0  00000+0 0  9994
2 31307   0.0307  34.3425 0003186   9.6205 108.7516  1.00269534 54914
ZHONGXING-6B            
1 31800U 07031A   22117.00784198 -.00000375  00000+0  00000+0 0  9997
2 31800   0.0047 216.5705 0003739 180.2666 296.4727  1.00272735 54308
DIRECTV 10              
1 31862U 07032A   22116.96430083 -.00000117  00000+0  00000+0 0  9995
2 31862   0.0146  88.7715 0000218  93.0992 277.4233  1.00268599 54245
SPACEWAY 3              
1 32018U 07036A   22116.90118750 -.00000166  00000+0  00000+0 0  9995
2 32018   0.0966  78.2467 0000312  49.3002 316.7984  1.00271492 53962
BSAT-3A                 
1 32019U 07036B   22116.86312781 -.00000365  00000+0  00000+0 0  9992
2 32019   0.0566 123.2695 0000754 137.7151  14.4244  1.00270208 35358
OPTUS D2                
1 32252U 07044A   22117.23728792 -.00000197  00000+0  00000+0 0  9998
2 32252   0.0239 110.0531 0003546 289.2639  53.2979  1.00268070 53285
INTELSAT 11 (IS-11)     
1 32253U 07044B   22116.84146751 -.00000283  00000+0  00000+0 0  9990
2 32253   0.0196 250.6672 0001921 162.9323  61.1571  1.00268468 53330
WGS F1 (USA 195)        
1 32258U 07046A   22116.98601814  .00000027  00000+0  00000+0 0  9993
2 32258   0.0150 244.6848 0000316 256.6619  74.5761  1.00271579 53155
STAR ONE C1             
1 32293U 07056A   22116.85676090  .00000036  00000+0  00000+0 0  9997
2 32293   0.8350  93.0763 0009102 186.5611 321.2523  0.99062168   408
SKYNET 5B               
1 32294U 07056B   22117.06229807  .00000130  00000+0  00000+0 0  9997
2 32294   1.3983  89.5150 0003909 304.2672 228.7958  1.00274467 53021
ASTRA 4A (SIRIUS 4)     
1 32299U 07057A   22116.84219546  .00000018  00000+0  00000+0 0  9992
2 32299   0.0286  15.3288 0002915  26.2722 121.2033  1.00273298 36517
HORIZONS-2              
1 32388U 07063B   22116.85815638 -.00000197  00000+0  00000+0 0  9992
2 32388   0.0133 264.7391 0002731 132.1218 211.7540  1.00269606 52654
THURAYA-3               
1 32404U 08001A   22116.78916684 -.00000315  00000+0  00000+0 0  9991
2 32404   4.0258  22.3333 0002517  26.2203 188.7946  1.00270741 52327
EXPRESS-AM33            
1 32478U 08003A   22116.83905563 -.00000103  00000+0  00000+0 0  9999
2 32478   0.9292  93.3849 0000152 356.5011  55.8632  1.00272011 38579
THOR 5                  
1 32487U 08006A   22116.84114885 -.00000023  00000+0  00000+0 0  9993
2 32487   0.0102 182.6486 0002726 226.9212 107.2937  1.00271909 52145
AMC-14                  
1 32708U 08011A   22115.98361609  .00000068  00000+0  00000+0 0  9995
2 32708  21.9951  38.8348 0044392   1.2652 185.9451  1.00275909 52925
DIRECTV 11              
1 32729U 08013A   22116.96499859 -.00000140  00000+0  00000+0 0  9990
2 32729   0.0110 107.2371 0000261 280.5942  75.3220  1.00269304 51771
ICO G1                  
1 32763U 08016A   22116.82274582 -.00000184  00000+0  00000+0 0  9998
2 32763   3.9824  25.5273 0002318  21.4797  11.1193  1.00271722 51382
VINASAT-1               
1 32767U 08018A   22116.93935646 -.00000343  00000+0  00000+0 0  9998
2 32767   0.0113 291.3334 0001943 141.2679 252.4136  1.00269930 51430
STAR ONE C2             
1 32768U 08018B   22116.82832779 -.00000291  00000+0  00000+0 0  9992
2 32768   0.0526  65.7777 0002743 344.1493  38.0665  1.00273287 51389
AMOS-3                  
1 32794U 08022A   22116.98401212 -.00000049  00000+0  00000+0 0  9998
2 32794   0.0529  89.0949 0002651 317.4519 158.5121  1.00272756 51285
GALAXY 18 (G-18)        
1 32951U 08024A   22117.22284872  .00000012  00000+0  00000+0 0  9993
2 32951   0.0180 259.8457 0003148 149.6327 122.9207  1.00272429 50925
CHINASAT 9 (ZX 9)       
1 33051U 08028A   22117.00313220 -.00000261  00000+0  00000+0 0  9992
2 33051   0.0179 265.3929 0004721 151.9365 250.9616  1.00269089 50842
SKYNET 5C               
1 33055U 08030A   22116.83774734 -.00000154  00000+0  00000+0 0  9991
2 33055   0.0672  17.3252 0003813  17.8866 103.4019  1.00271423 50793
TURKSAT 3A              
1 33056U 08030B   22116.84960899  .00000132  00000+0  00000+0 0  9997
2 33056   0.0654  91.0243 0004793 333.4656 138.1508  1.00272677 37194
INTELSAT 25 (IS-25)     
1 33153U 08034A   22116.88938104 -.00000238  00000+0  00000+0 0  9995
2 33153   0.0160 247.0876 0003463 163.3275  93.1065  1.00270909 50536
BADR-6                  
1 33154U 08034B   22116.84646914  .00000130  00000+0  00000+0 0  9997
2 33154   0.0653  57.1123 0006916 358.1522 130.2492  1.00271147 50581
ECHOSTAR 11             
1 33207U 08035A   22116.96290535 -.00000072  00000+0  00000+0 0  9990
2 33207   0.0168 287.9914 0002690  94.6636  68.9373  1.00276439 50499
SUPERBIRD-C2            
1 33274U 08038A   22116.86993083 -.00000265  00000+0  00000+0 0  9998
2 33274   0.0140 220.2643 0002221 203.8685 247.8283  1.00272899 90566
AMC-21                  
1 33275U 08038B   22117.22131464  .00000023  00000+0  00000+0 0  9998
2 33275   0.0175 336.1192 0002626  70.6550 123.1776  1.00272110 50308
INMARSAT 4-F3           
1 33278U 08039A   22116.60649035 -.00000153  00000+0  00000+0 0  9996
2 33278   3.2943  19.4552 0002673  23.7566 291.7082  1.00271455 31377
NIMIQ 4                 
1 33373U 08044A   22116.89563344 -.00000234  00000+0  00000+0 0  9997
2 33373   0.0150 277.6077 0002566 108.0710  69.6303  1.00272195 49815
GALAXY 19 (G-19)        
1 33376U 08045A   22116.82187365 -.00000153  00000+0  00000+0 0  9999
2 33376   0.0209 245.3340 0002903 155.0282  13.3004  1.00269142 49732
ASTRA 1M                
1 33436U 08057A   22116.84507366  .00000105  00000+0  00000+0 0  9994
2 33436   0.0941  95.7718 0003442 348.0608  94.3677  1.00272640 30566
CIEL-2                  
1 33453U 08063A   22116.67203287  .00000043  00000+0  00000+0 0  9997
2 33453   0.0481  95.7880 0002849 312.6922 279.2380  1.00272907 48964
EUTELSAT HOTBIRD 13C    
1 33459U 08065A   22116.84385260  .00000073  00000+0  00000+0 0  9999
2 33459   0.0911  68.5622 0005449 346.0612 116.9564  1.00272308 32189
EUTELSAT 48D            
1 33460U 08065B   22117.09798108 -.00000112  00000+0  00000+0 0  9993
2 33460   1.3337  93.0898 0003411 311.2716 193.4887  1.00271891 48946
FENGYUN 2E              
1 33463U 08066A   22116.93028576 -.00000215  00000+0  00000+0 0  9998
2 33463   5.7926  65.5855 0004208   2.8176 208.0410  1.00276075 48928
EXPRESS-AM44            
1 33595U 09007A   22117.05952387 -.00000103  00000+0  00000+0 0  9996
2 33595   0.0119 318.2744 0001451 141.1379 126.0392  1.00271634 48395
NSS-9                   
1 33749U 09008A   22116.80599994  .00000057  00000+0  00000+0 0  9998
2 33749   0.0241 352.0302 0002120  47.5246 288.4388  1.00273116 48366
EUTELSAT 33E            
1 33750U 09008B   22116.70439080  .00000141  00000+0  00000+0 0  9992
2 33750   0.0605 356.7136 0004031  34.3728 110.2865  1.00270017 48280
TELSTAR 11N             
1 34111U 09009A   22116.90551582 -.00000265  00000+0  00000+0 0  9997
2 34111   0.0131 227.2648 0001593 165.0896 110.9633  1.00269762 48256
EUTELSAT 10A            
1 34710U 09016A   22116.84324207  .00000054  00000+0  00000+0 0  9990
2 34710   0.0618 351.3850 0005601  39.5099 137.5011  1.00275919 26093
WGS F2 (USA 204)        
1 34713U 09017A   22116.80118726  .00000054  00000+0  00000+0 0  9997
2 34713   0.0032 144.5919 0000190  27.6766  28.4241  1.00269344 30454
SES-7 (PROTOSTAR 2)     
1 34941U 09027A   22117.00635927 -.00000359  00000+0  00000+0 0  9990
2 34941   0.0741  85.1284 0000615 226.8437  13.5275  1.00270145 47450
MEASAT-3A               
1 35362U 09032A   22116.85955186 -.00000256  00000+0  00000+0 0  9994
2 35362   0.0281 185.6665 0000058 215.0696 215.0299  1.00272753 47085
GOES 14                 
1 35491U 09033A   22116.60518206 -.00000107  00000+0  00000+0 0  9994
2 35491   0.1987  92.9643 0011379 125.6520 109.3276  1.00271490 46949
FM-5                    
1 35493U 09034A   22116.90674476 -.00000214  00000+0  00000+0 0  9991
2 35493   0.0142 288.5748 0000428 126.4218  40.1567  1.00270517 31485
TERRESTAR-1             
1 35496U 09035A   22117.23672825 -.00000068  00000+0  00000+0 0  9995
2 35496   3.1312  37.4932 0002859 353.8214 158.1089  1.00273663 46995
ASIASAT 5               
1 35696U 09042A   22117.00478935 -.00000321  00000+0  00000+0 0  9998
2 35696   0.0268 267.1289 0001203 109.2346 300.8454  1.00268493 46505
JCSAT-12 (JCSAT-RA)     
1 35755U 09044A   22116.86757594 -.00000342  00000+0  00000+0 0  9993
2 35755   0.0313 128.6079 0001639 194.5068 336.1017  1.00270672 46443
OPTUS D3                
1 35756U 09044B   22116.87237294 -.00000162  00000+0  00000+0 0  9995
2 35756   0.0477  54.2312 0004195 333.6395 297.0210  1.00271670 46391
NIMIQ 5                 
1 35873U 09050A   22117.09638028 -.00000270  00000+0  00000+0 0  9997
2 35873   0.0210 250.0086 0003355 173.8682 113.1754  1.00267463 46183
AMAZONAS 2              
1 35942U 09054A   22116.85952359 -.00000296  00000+0  00000+0 0  9995
2 35942   0.0414 114.9856 0003825 329.7791  18.4877  1.00268971 46014
COMSATBW-1              
1 35943U 09054B   22116.85379546  .00000011  00000+0  00000+0 0  9991
2 35943   0.0227 119.9080 0002959 299.2348 166.0418  1.00269116 46144
NSS-12                  
1 36032U 09058A   22116.85266163  .00000057  00000+0  00000+0 0  9995
2 36032   0.0302 290.5353 0002821 110.2072 178.0185  1.00272307 45757
THOR 6                  
1 36033U 09058B   22116.98462265 -.00000024  00000+0  00000+0 0  9996
2 36033   0.0360  83.7926 0001965 335.2149 149.5495  1.00271056 45805
INTELSAT 14 (IS-14)     
1 36097U 09064A   22116.84702178 -.00000288  00000+0  00000+0 0  9990
2 36097   0.0125 267.0382 0002740 142.7767  64.9295  1.00270654 45537
EUTELSAT 36B            
1 36101U 09065A   22117.03313130  .00000141  00000+0  00000+0 0  9992
2 36101   0.0737 352.5124 0005606  53.3597 216.9607  1.00274402 45641
INTELSAT 15 (IS-15)     
1 36106U 09067A   22116.85824361 -.00000199  00000+0  00000+0 0  9995
2 36106   0.0107 268.3305 0002296 138.1334 202.4754  1.00269142 26068
WGS F3 (USA 211)        
1 36108U 09068A   22116.85833081 -.00000204  00000+0  00000+0 0  9994
2 36108   0.1919  93.5355 0000689 135.6421  20.2281  1.00272742 31447
DIRECTV 12              
1 36131U 09075A   22116.60553094 -.00000118  00000+0  00000+0 0  9998
2 36131   0.0112 198.6907 0000493 324.1104 167.0398  1.00271840 31394
BEIDOU 3                
1 36287U 10001A   22116.94101360 -.00000293  00000+0  00000+0 0  9997
2 36287   1.9950  50.1260 0004165  23.8873 260.0513  1.00273427 44992
RADUGA-1M 2             
1 36358U 10002A   22117.05328345 -.00000198  00000+0  00000+0 0  9998
2 36358   0.0730 264.2771 0003197 179.3915 235.5223  1.00272223 44842
SDO                     
1 36395U 10005A   22116.50813229 -.00000047  00000+0  00000+0 0  9994
2 36395  31.5562 110.0557 0002065 255.6486 289.8939  1.00273005 44899
INTELSAT 16 (IS-16)     
1 36397U 10006A   22116.89511262 -.00000258  00000+0  00000+0 0  9995
2 36397   0.0110 259.2172 0001838 149.9103  51.7734  1.00268127 44492
GOES 15                 
1 36411U 10008A   22116.67220730  .00000040  00000+0  00000+0 0  9995
2 36411   0.1715 104.6838 0002379 340.7362 242.9662  1.00276797 44500
ECHOSTAR 14             
1 36499U 10010A   22116.17174559 -.00000015  00000+0  00000+0 0  9999
2 36499   0.0147 248.3746 0002722 143.6600 125.0458  1.00271808 31389
SES-1                   
1 36516U 10016A   22116.90674476 -.00000128  00000+0  00000+0 0  9994
2 36516   0.0226  98.6940 0002472 301.0595  40.5479  1.00269506 43877
ASTRA 3B                
1 36581U 10021A   22116.84594583  .00000122  00000+0  00000+0 0  9998
2 36581   0.0901  70.2993 0003985 301.3831 171.1728  1.00270202 43715
COMSATBW-2              
1 36582U 10021B   22116.98741365  .00000075  00000+0  00000+0 0  9993
2 36582   0.0451  71.2124 0002737 350.9607 161.4656  1.00277009 43824
BADR-5                  
1 36592U 10025A   22116.84646914  .00000130  00000+0  00000+0 0  9999
2 36592   0.0432 104.4589 0003195 337.2782 103.7910  1.00271136 38055
COMS 1                  
1 36744U 10032A   22116.86679097 -.00000358  00000+0  00000+0 0  9999
2 36744   0.9332  93.5894 0000905 321.4949 239.9442  1.00271338 35924
ARABSAT-5A              
1 36745U 10032B   22116.63204524  .00000139  00000+0  00000+0 0  9990
2 36745   0.0708  49.4305 0003779  20.0247  43.1917  1.00274443 43487
ECHOSTAR 15             
1 36792U 10034A   22117.19875800 -.00000295  00000+0  00000+0 0  9991
2 36792   0.0508  73.6795 0001848 314.6265 196.7716  1.00271302 43232
BEIDOU 5                
1 36828U 10036A   22116.98496775 -.00000112  00000+0  00000+0 0  9997
2 36828  54.1893 176.7015 0027888 188.6533 311.8789  1.00260976 43064
NILESAT 201             
1 36830U 10037A   22116.83992779 -.00000072  00000+0  00000+0 0  9995
2 36830   0.0388 173.9573 0005485 233.5104 102.7200  1.00273140 43205
RASCOM-QAF 1R           
1 36831U 10037B   22116.98540762  .00000005  00000+0  00000+0 0  9998
2 36831   0.0095 273.0316 0004975 118.0987 181.4688  1.00273886 43129
AEHF-1 (USA 214)        
1 36868U 10039A   22116.69854719  .00000015  00000+0  00000+0 0  9999
2 36868   4.4045  87.4544 0006049 349.2147  33.4759  1.00274025 38497
QZS-1 (MICHIBIKI-1)     
1 37158U 10045A   22116.35700347 -.00000078  00000+0  00000+0 0  9999
2 37158  42.2782 134.1030 0755924 270.3201  81.5151  1.00271309 42572
XM-5                    
1 37185U 10053A   22116.67482385 -.00000037  00000+0  00000+0 0  9997
2 37185   0.0119 223.8203 0000827 309.8139 168.7429  1.00268539 42318
BSAT-3B                 
1 37207U 10056B   22117.00670816 -.00000364  00000+0  00000+0 0  9994
2 37207   0.0567  28.5887 0002616 332.6005 326.0435  1.00271654 42118
BEIDOU 6                
1 37210U 10057A   22116.87315791 -.00000127  00000+0  00000+0 0  9998
2 37210   0.7708  41.1855 0001558 166.8453 121.0500  1.00270038 42111
SKYTERRA 1              
1 37218U 10061A   22116.60579259 -.00000131  00000+0  00000+0 0  9998
2 37218   2.3913  30.5945 0003969 354.0206 306.7450  1.00271941 42022
ZHONGXING-20A           
1 37234U 10064A   22116.09699078 -.00000364  00000+0  00000+0 0  9992
2 37234   2.5180  89.1239 0002555 288.1837 358.0274  1.00266771 41850
HYLAS 1                 
1 37237U 10065A   22116.67316670  .00000014  00000+0  00000+0 0  9995
2 37237   1.7884  90.7079 0002095 298.6491 304.3661  1.00270830 41817
INTELSAT 17 (IS-17)     
1 37238U 10065B   22116.85604904 -.00000016  00000+0  00000+0 0  9999
2 37238   0.0165 204.0535 0002645 200.9636 183.9850  1.00273127 38074
BEIDOU 7                
1 37256U 10068A   22115.11687519 -.00000199  00000+0  00000+0 0  9995
2 37256  50.3075 290.2807 0019295 181.7120 251.5020  1.00266537 41616
EUTELSAT KA-SAT 9A      
1 37258U 10069A   22116.98662868  .00000048  00000+0  00000+0 0  9996
2 37258   0.0644 268.7392 0005233 184.9988 125.4250  1.00272864 41653
HISPASAT 30W-5          
1 37264U 10070A   22117.14146434 -.00000230  00000+0  00000+0 0  9994
2 37264   0.0641  97.1227 0004926 328.6275 170.2963  1.00270957 41506
KOREASAT 6              
1 37265U 10070B   22116.86443609 -.00000376  00000+0  00000+0 0  9998
2 37265   0.0136 104.8201 0001276 315.2732 221.9434  1.00268054 41602
BEIDOU 8                
1 37384U 11013A   22116.60514524 -.00000203  00000+0  00000+0 0  9994
2 37384  60.2213  54.7727 0018058 192.2210 293.9520  1.00269222 40505
INTELSAT NEW DAWN       
1 37392U 11016A   22116.84777743  .00000141  00000+0  00000+0 0  9996
2 37392   0.0198 246.4385 0000763 204.9672 101.3931  1.00272715 38129
YAHSAT 1A               
1 37393U 11016B   22116.13415458  .00000085  00000+0  00000+0 0  9998
2 37393   0.0125 257.3128 0002014 176.2920 241.2865  1.00271541 40381
SBIRS GEO-1 (USA 230)   
1 37481U 11019A   22116.85604904 -.00000022  00000+0  00000+0 0  9996
2 37481   1.8817  21.0861 0001878  16.9121 191.2063  1.00272211 40239
TELSTAR 14R             
1 37602U 11021A   22117.09663946 -.00000294  00000+0  00000+0 0  9993
2 37602   0.0538  61.5815 0002993 335.6114 149.6422  1.00270438 40623
GSAT-8                  
1 37605U 11022A   22116.85222556  .00000070  00000+0  00000+0 0  9999
2 37605   0.0166 188.6572 0004358 122.8379 265.2106  1.00272931 40073
ST-2                    
1 37606U 11022B   22116.85885413 -.00000226  00000+0  00000+0 0  9991
2 37606   0.0184 203.5410 0001593 238.1069 170.3751  1.00272474 40082
CHINASAT 10 (ZX 10)     
1 37677U 11026A   22116.86330225 -.00000367  00000+0  00000+0 0  9996
2 37677   0.0585 250.7138 0001544 269.7787 115.6171  1.00273614 39824
TIANLIAN 1-02           
1 37737U 11032A   22116.94331502 -.00000062  00000+0  00000+0 0  9990
2 37737   2.1923  74.0493 0083972 356.9585 290.5261  1.00269327 39550
GSAT-12                 
1 37746U 11034A   22117.17271906  .00000112  00000+0  00000+0 0  9994
2 37746   1.2514  92.9971 0010643 345.2633 246.9989  1.00273431 39795
SES-3                   
1 37748U 11035A   22117.18253512 -.00000116  00000+0  00000+0 0  9996
2 37748   0.0438  55.1346 0002746 335.6795 147.0452  1.00275476 39532
KAZSAT-2                
1 37749U 11035B   22117.00199837 -.00000212  00000+0  00000+0 0  9994
2 37749   0.0270 276.8671 0000371 127.8022 257.5181  1.00272251 39406
BEIDOU 9                
1 37763U 11038A   22116.64460465 -.00000069  00000+0  00000+0 0  9990
2 37763  54.4728 179.1881 0095947 227.2268 133.6729  1.00289677 39481
ASTRA 1N                
1 37775U 11041A   22116.84507366  .00000106  00000+0  00000+0 0  9992
2 37775   0.0980  69.1906 0005570 332.9576 136.0839  1.00273725 29368
BSAT-3C (JCSAT-110R)    
1 37776U 11041B   22116.86321503 -.00000365  00000+0  00000+0 0  9990
2 37776   0.0725  75.7053 0000170  56.3108 143.5477  1.00272035 35317
PAKSAT-1R               
1 37779U 11042A   22116.84882404  .00000140  00000+0  00000+0 0  9994
2 37779   0.0143 221.8065 0004680 197.8763 138.6996  1.00268675 39117
CHINASAT 1A (ZX 1A)     
1 37804U 11047A   22116.86713985 -.00000352  00000+0  00000+0 0  9993
2 37804   0.0595  66.9719 0001518 302.3434 287.5230  1.00269977 12196
SES-2                   
1 37809U 11049A   22117.20842508 -.00000209  00000+0  00000+0 0  9994
2 37809   0.0277 291.1116 0003041 104.0703 168.0104  1.00272212 38838
ARABSAT-5C              
1 37810U 11049B   22116.84524809  .00000109  00000+0  00000+0 0  9994
2 37810   0.0587  13.8133 0002615 100.7954  64.4776  1.00272023 38899
EUTELSAT 7 WEST A       
1 37816U 11051A   22116.98331438 -.00000074  00000+0  00000+0 0  9994
2 37816   0.0740  37.9605 0003740 105.0878  58.5837  1.00271125 38805
QUETZSAT 1              
1 37826U 11054A   22116.89563344 -.00000255  00000+0  00000+0 0  9992
2 37826   0.0099  97.0432 0002857 311.5598  51.6868  1.00270962 34733
INTELSAT 18 (IS-18)     
1 37834U 11056A   22116.80538941  .00000038  00000+0  00000+0 0  9997
2 37834   0.0311 354.8879 0001859  44.7917 285.0357  1.00270025 38672
EUTELSAT 16A            
1 37836U 11057A   22116.84446312  .00000089  00000+0  00000+0 0  9990
2 37836   0.0715  11.9243 0005143  31.3227 131.5550  1.00272126 30805
VIASAT-1                
1 37843U 11059A   22117.12026111 -.00000037  00000+0  00000+0 0  9997
2 37843   0.0183 234.2937 0002082 168.4744 100.5192  1.00269748 39114
ASIASAT 7               
1 37933U 11069A   22116.21143396 -.00000350  00000+0  00000+0 0  9990
2 37933   0.0425  91.4849 0001821 289.3562  14.9633  1.00272916 38296
BEIDOU 10               
1 37948U 11073A   22116.93237900 -.00000159  00000+0  00000+0 0  9992
2 37948  50.4181 289.8938 0078119 217.0371 138.6870  1.00264446 38232
LUCH 5A                 
1 37951U 11074B   22116.91141343 -.00000055  00000+0  00000+0 0  9995
2 37951   4.8897  98.6496 0004916 316.1347 295.2074  1.00273451 38025
NIGCOMSAT 1R            
1 38014U 11077A   22116.84978344  .00000130  00000+0  00000+0 0  9993
2 38014   0.0530  68.7384 0003751 338.2159 156.2686  1.00274005 37798
FENGYUN 2F              
1 38049U 12002A   22116.86356390 -.00000369  00000+0  00000+0 0  9998
2 38049   3.6683  80.0558 0003474   9.6948 188.0536  1.00279535 37713
WGS F4 (USA 233)        
1 38070U 12003A   22116.85885413 -.00000229  00000+0  00000+0 0  9990
2 38070   0.0035 146.7389 0000199 333.7651 131.9117  1.00270030 37559
SES-4                   
1 38087U 12007A   22116.88938104 -.00000182  00000+0  00000+0 0  9999
2 38087   0.0237 301.3508 0002457 104.6645 107.0212  1.00270499 37076
BEIDOU 11               
1 38091U 12008A   22117.04702230  .00000044  00000+0  00000+0 0  9999
2 38091   1.4526  66.2400 0015188 329.1631 255.2726  1.00272324 37311
MUOS-1                  
1 38093U 12009A   22116.60596703 -.00000140  00000+0  00000+0 0  9997
2 38093   2.8784  30.6601 0059299   0.2286 301.8649  1.00271172 37273
INTELSAT 22 (IS-22)     
1 38098U 12011A   22116.85604904 -.00000073  00000+0  00000+0 0  9990
2 38098   0.0116 264.4684 0002636 130.6357 199.9947  1.00272643 36657
APSTAR 7                
1 38107U 12013A   22117.03972869 -.00000115  00000+0  00000+0 0  9999
2 38107   0.0420  72.0647 0002856   1.1420 232.5956  1.00271892 37004
YAHSAT 1B               
1 38245U 12016A   22116.70726899  .00000112  00000+0  00000+0 0  9994
2 38245   0.0356  85.0162 0002092 330.8646 100.9973  1.00270704 30422
AEHF-2 (USA 235)        
1 38254U 12019A   22117.18859314 -.00000171  00000+0  00000+0 0  9995
2 38254   3.2409  60.3852 0003461 327.5323 160.9481  1.00271381 36512
JCSAT-13                
1 38331U 12023A   22116.86600602 -.00000371  00000+0  00000+0 0  9996
2 38331   0.0186 207.7596 0002872 229.7170 213.1228  1.00272517 36360
VINASAT-2               
1 38332U 12023B   22116.93935646 -.00000343  00000+0  00000+0 0  9993
2 38332   0.0095 280.0831 0002669 139.1352 265.7009  1.00271309 36454
NIMIQ 6                 
1 38342U 12026A   22116.90118750 -.00000187  00000+0  00000+0 0  9999
2 38342   0.0555  79.7375 0002657 318.1697  50.2789  1.00269812 35255
CHINASAT 2A (ZX 2A)     
1 38352U 12028A   22116.89076951 -.00000307  00000+0  00000+0 0  9990
2 38352   0.0131 295.8815 0003321 102.8097 235.1093  1.00272493 36473
INTELSAT 19 (IS-19)     
1 38356U 12030A   22116.87437896 -.00000071  00000+0  00000+0 0  9992
2 38356   0.0484  86.8043 0003315 320.2593 288.5517  1.00271644 35276
ECHOSTAR 17             
1 38551U 12035A   22116.96342866 -.00000089  00000+0  00000+0 0  9995
2 38551   0.0187 235.2344 0001892 158.5196  60.9079  1.00269036 35969
METEOSAT-10 (MSG-3)     
1 38552U 12035B   22116.84306764  .00000046  00000+0  00000+0 0  9992
2 38552   1.4528  37.8616 0001165 253.3306 236.2838  1.00271428 35691
SES-5                   
1 38652U 12036A   22116.98575649  .00000020  00000+0  00000+0 0  9991
2 38652   0.0558 291.9084 0001985 109.0613 173.8294  1.00271989 35908
TIANLIAN 1-03           
1 38730U 12040A   22116.91711582  .00000113  00000+0  00000+0 0  9997
2 38730   1.8852  91.9901 0008159 331.2525 142.2430  1.00276248 35824
INTELSAT 20 (IS-20)     
1 38740U 12043A   22116.99842242 -.00000039  00000+0  00000+0 0  9995
2 38740   0.0111 187.9567 0001237  12.7880  82.1614  1.00272402 35669
HYLAS 2                 
1 38741U 12043B   22116.84742854  .00000140  00000+0  00000+0 0  9990
2 38741   0.0399  79.9171 0001858 313.4249 157.5916  1.00274804 35602
INTELSAT 21 (IS-21)     
1 38749U 12045A   22117.14081781 -.00000298  00000+0  00000+0 0  9994
2 38749   0.0169 266.2476 0002029 136.3268 165.2115  1.00268999 35478
ASTRA 2F                
1 38778U 12051A   22116.84690524  .00000135  00000+0  00000+0 0  9999
2 38778   0.0474 230.5611 0000632  43.9256 273.3945  1.00270618 35127
GSAT-10                 
1 38779U 12051B   22116.74523611 -.00000179  00000+0  00000+0 0  9990
2 38779   0.0535 103.1731 0000486  71.1259  31.6847  1.00270950 34952
INTELSAT 23 (IS-23)     
1 38867U 12057A   22116.97424369 -.00000299  00000+0  00000+0 0  9992
2 38867   0.0581 100.7777 0000540 184.6277 227.2487  1.00246649 34945
BEIDOU 16               
1 38953U 12059A   22116.85798194 -.00000188  00000+0  00000+0 0  9994
2 38953   1.8629  84.4518 0012906 295.7363 227.4937  1.00274787 34747
LUCH 5B                 
1 38977U 12061A   22117.09788198 -.00000144  00000+0  00000+0 0  9995
2 38977   7.1822  62.9862 0004192  10.7505 160.2423  1.00270872 35017
YAMAL 300K              
1 38978U 12061B   22116.80599994  .00000057  00000+0  00000+0 0  9990
2 38978   0.0269 113.7056 0000059 272.7078 301.5040  1.00272258 34461
STAR ONE C3             
1 38991U 12062A   22116.88313140 -.00000263  00000+0  00000+0 0  9991
2 38991   0.0168 268.4030 0002334 146.3808  42.9966  1.00271783 34699
EUTELSAT 21B            
1 38992U 12062B   22116.84559697  .00000115  00000+0  00000+0 0  9992
2 38992   0.0718  15.3100 0002723  30.5052 135.0076  1.00271503 34679
ECHOSTAR 16             
1 39008U 12065A   22116.85952359 -.00000296  00000+0  00000+0 0  9998
2 39008   0.0174 227.8351 0001606 175.3239  59.6043  1.00270027 34468
CHINASAT 12 (ZX 12)     
1 39017U 12067A   22116.85867969 -.00000221  00000+0  00000+0 0  9990
2 39017   0.0325 102.0365 0002959 300.4802 208.9335  1.00272301 34341
EUTELSAT 70B            
1 39020U 12069A   22116.85604904 -.00000058  00000+0  00000+0 0  9992
2 39020   0.0671  15.1331 0001710 178.2302  40.1209  1.00271214 34344
YAMAL 402               
1 39022U 12070A   22116.54285230  .00000071  00000+0  00000+0 0  9993
2 39022   0.0178 133.4293 0004527 267.5232  63.8754  1.00271463 34435
SKYNET 5D               
1 39034U 12075A   22117.17271906  .00000086  00000+0  00000+0 0  9992
2 39034   0.0731  14.2673 0003558  28.7222 287.0687  1.00270856 34351
MEXSAT 3                
1 39035U 12075B   22117.12026111 -.00000039  00000+0  00000+0 0  9993
2 39035   0.0033 252.4340 0002080 150.4254 100.7064  1.00271434 34310
TDRS 11                 
1 39070U 13004A   22117.22917431  .00000060  00000+0  00000+0 0  9993
2 39070   2.9788 344.6390 0007436  54.1869  84.5291  1.00267638 33825
AMAZONAS 3              
1 39078U 13006A   22117.19875807 -.00000296  00000+0  00000+0 0  9991
2 39078   0.0262 171.0835 0001215 205.9338 208.6826  1.00273351 33801
AZERSPACE 1             
1 39079U 13006B   22117.17271906  .00000120  00000+0  00000+0 0  9995
2 39079   0.0172 119.8295 0001731 308.2353 255.2356  1.00269436 33769
SBIRS GEO-2 (USA 241)   
1 39120U 13011A   22116.84542253  .00000108  00000+0  00000+0 0  9993
2 39120   1.9302  19.2016 0001853  19.5291 141.1407  1.00272644 33375
EUTELSAT 117 WEST A     
1 39122U 13012A   22116.63452119 -.00000028  00000+0  00000+0 0  9996
2 39122   0.0149 109.8465 0002065 275.4496 300.9503  1.00271560 33273
ANIK G1                 
1 39127U 13014A   22116.67639378 -.00000088  00000+0  00000+0 0  9997
2 39127   0.0540  98.6647 0000559 255.7024 356.4767  1.00271985 33082
CHINASAT 11 (ZX 11)     
1 39157U 13020A   22115.85615369 -.00000306  00000+0  00000+0 0  9993
2 39157   0.0092 189.7307 0001828 208.5288 221.7024  1.00270020 32976
EUTELSAT 7B             
1 39163U 13022A   22116.98619258  .00000034  00000+0  00000+0 0  9995
2 39163   0.0718   9.2641 0005553   9.5579 198.1638  1.00272046 32817
WGS F5 (USA 243)        
1 39168U 13024A   22116.85952359 -.00000298  00000+0  00000+0 0  9993
2 39168   0.0184 219.7523 0000168 196.3089  55.6984  1.00270907 32011
SES-6                   
1 39172U 13026A   22117.09724167 -.00000275  00000+0  00000+0 0  9996
2 39172   0.0240 304.7354 0002344  94.1584 170.6625  1.00271822 32555
IRNSS-1A                
1 39199U 13034A   22115.99111685  .00000095  00000+0  00000+0 0  9995
2 39199  32.3139  86.1745 0017715 185.7898 353.8089  1.00273018 32195
MUOS-2                  
1 39206U 13036A   22116.87778046  .00000051  00000+0  00000+0 0  9996
2 39206   2.6622  21.3668 0050628 179.5196 152.9395  1.00269347 32028
ALPHASAT                
1 39215U 13038A   22116.27216455  .00000120  00000+0  00000+0 0  9990
2 39215   2.6948  14.1448 0002074  50.3157 272.6283  1.00272485 28848
INSAT-3D                
1 39216U 13038B   22116.85763307 -.00000170  00000+0  00000+0 0  9994
2 39216   0.0787  95.7976 0001480 321.1579 188.6795  1.00271800 31938
WGS F6 (USA 244)        
1 39222U 13041A   22117.20906527  .00000076  00000+0  00000+0 0  9992
2 39222   0.0152 248.8704 0000194 282.9000 343.4627  1.00270707 31902
ES'HAIL 1               
1 39233U 13044A   22116.98985574  .00000129  00000+0  00000+0 0  9999
2 39233   0.0561 359.9758 0001934  37.5624 199.2709  1.00268558 31730
GSAT-7                  
1 39234U 13044B   22116.85597594 -.00000091  00000+0  00000+0 0  9996
2 39234   0.1029  98.7379 0005940 181.3670 316.8525  1.00272011 30166
AMOS-4                  
1 39237U 13045A   22116.85604904 -.00000007  00000+0  00000+0 0  9991
2 39237   0.0332 107.6736 0002798 271.0065 209.3304  1.00270544 31795
AEHF-3 (USA 246)        
1 39256U 13050A   22117.18597664  .00000122  00000+0  00000+0 0  9996
2 39256   1.5812  70.5852 0050850 187.4639 229.1356  1.00278564 31529
ASTRA 2E                
1 39285U 13056A   22116.84699247  .00000136  00000+0  00000+0 0  9991
2 39285   0.0708 331.3662 0002108  70.7402 146.1136  1.00271481 31278
FM-6                    
1 39360U 13058A   22116.63400038 -.00000031  00000+0  00000+0 0  9997
2 39360   0.0338 276.6775 0000679 350.6001  59.4073  1.00269910 30890
RADUGA-1M 3             
1 39375U 13062A   22116.51646627  .00000142  00000+0  00000+0 0  9993
2 39375   2.1026  90.3845 0004235 131.8538 213.1782  1.00273227 30957
SES-8                   
1 39460U 13071A   22116.89076951 -.00000284  00000+0  00000+0 0  9994
2 39460   0.0226 248.7429 0002727 175.9296 205.8583  1.00270574 29263
INMARSAT 5-F1           
1 39476U 13073A   22117.08868925  .00000015  00000+0  00000+0 0  9996
2 39476   0.0147 237.2592 0000449 352.0540  80.2642  1.00268700 30761
TKSAT-1 (TUPAC KATARI)  
1 39481U 13075A   22117.20367876 -.00000208  00000+0  00000+0 0  9992
2 39481   0.0612  73.9794 0002652 305.8087 181.4822  1.00273192 30689
EXPRESS-AM5             
1 39487U 13077A   22116.94092639 -.00000295  00000+0  00000+0 0  9998
2 39487   0.0064 295.1396 0000628  31.7815   6.7672  1.00266807 31180
GSAT-14                 
1 39498U 14001A   22117.08174306 -.00000092  00000+0  00000+0 0  9991
2 39498   0.0279 253.0907 0002532  40.7029  24.7141  1.00273955 30412
THAICOM 6               
1 39500U 14002A   22116.85693532 -.00000135  00000+0  00000+0 0  9995
2 39500   0.0806 111.4442 0003376 334.2667 156.1054  1.00270367 30292
TDRS 12                 
1 39504U 14004A   22117.11844471 -.00000291  00000+0  00000+0 0  9994
2 39504   3.9060 346.4106 0004811 102.6461 127.4441  1.00264171 30287
ABS-2                   
1 39508U 14006A   22116.85257422 -.00000101  00000+0  00000+0 0  9994
2 39508   0.0627  73.1077 0003608 316.3905 207.1867  1.00271812 30120
ATHENA-FIDUS            
1 39509U 14006B   22116.84882404  .00000140  00000+0  00000+0 0  9990
2 39509   0.0172 223.2866 0001392 187.3183 147.5791  1.00270657 29916
TURKSAT 4A              
1 39522U 14007A   22116.84960899  .00000131  00000+0  00000+0 0  9991
2 39522   0.0474 266.5064 0002118  71.5287 224.6457  1.00273580 29826
EXPRESS-AT1             
1 39612U 14010A   22116.92418050  .00000064  00000+0  00000+0 0  9996
2 39612   0.0159 314.0187 0000060 130.8041 158.7666  1.00271130 29886
EXPRESS-AT2             
1 39613U 14010B   22116.94092639 -.00000296  00000+0  00000+0 0  9998
2 39613   0.0111 293.9290 0000281 196.9941 202.5528  1.00271409 29718
AMAZONAS 4A             
1 39616U 14011A   22116.88313140 -.00000266  00000+0  00000+0 0  9995
2 39616   0.0174 275.6124 0002358 160.4670  22.6899  1.00270264 29546
ASTRA 5B                
1 39617U 14011B   22116.84751576  .00000140  00000+0  00000+0 0  9991
2 39617   0.0562 310.4391 0002841  99.3835 141.5912  1.00273480 29508
IRNSS-1B                
1 39635U 14017A   22115.99111685  .00000067  00000+0  00000+0 0  9991
2 39635  28.8506 265.9802 0022154 179.1053 180.6735  1.00273825 29615
LUCH 5V                 
1 39727U 14023A   22116.89076951 -.00000282  00000+0  00000+0 0  9996
2 39727   1.3801  74.4546 0003404   2.3507 193.5047  1.00272218 29194
KAZSAT-3                
1 39728U 14023B   22116.85292329  .00000046  00000+0  00000+0 0  9999
2 39728   0.0048 131.5613 0000144 102.4497 346.3393  1.00271206 27288
EUTELSAT 3B             
1 39773U 14030A   22116.84193381  .00000005  00000+0  00000+0 0  9999
2 39773   0.0682  19.4394 0003467 132.7373   8.8144  1.00271752 28902
ASIASAT 8 (AMOS-7)      
1 40107U 14046A   22116.84053831 -.00000048  00000+0  00000+0 0  9992
2 40107   0.0183 184.7791 0001742 224.1757 104.5495  1.00271604 28330
ASIASAT 6               
1 40141U 14052A   22117.00871417 -.00000376  00000+0  00000+0 0  9998
2 40141   0.0497  87.8714 0000935 307.5169 302.6325  1.00271623 27995
OPTUS 10                
1 40146U 14054A   22116.87237294 -.00000162  00000+0  00000+0 0  9991
2 40146   0.0354 292.6250 0002107 117.9913 274.2896  1.00269830 27956
MEASAT-3B               
1 40147U 14054B   22116.85946465 -.00000256  00000+0  00000+0 0  9991
2 40147   0.0430  56.1540 0002979 354.9403 204.6464  1.00270467 27744
LUCH (OLYMP)            
1 40258U 14058A   22116.92540156  .00000019  00000+0  00000+0 0  9999
2 40258   0.0546  89.7565 0000663  54.4691 105.7156  1.00274876 25827
HIMAWARI-8              
1 40267U 14060A   22116.86932031 -.00000290  00000+0  00000+0 0  9994
2 40267   0.0509  90.0380 0000492 311.3503 267.0562  1.00272752 27593
IRNSS-1C                
1 40269U 14061A   22116.85789472 -.00000171  00000+0  00000+0 0  9993
2 40269   2.8529 131.0701 0018954   5.4848 110.1366  1.00270098 27529
INTELSAT 30 (IS-30)     
1 40271U 14062A   22117.07965983 -.00000164  00000+0  00000+0 0  9997
2 40271   0.0199 261.9146 0001469 191.9940  54.7514  1.00270371 27609
ARSAT 1                 
1 40272U 14062B   22116.88313140 -.00000274  00000+0  00000+0 0  9990
2 40272   0.0181 286.2901 0001505 114.4026  60.2779  1.00271372 27456
EXPRESS-AM6             
1 40277U 14064A   22116.92827229  .00000084  00000+0  00000+0 0  9998
2 40277   0.0175 293.0758 0000259 193.8753 115.1023  1.00271614 27500
GSAT-16                 
1 40332U 14078A   22117.17271906  .00000071  00000+0  00000+0 0  9994
2 40332   0.0161 248.2023 0006926 185.0982 259.0871  1.00271087 27095
DIRECTV 14              
1 40333U 14078B   22117.25187956 -.00000138  00000+0  00000+0 0  9990
2 40333   0.0172 124.8478 0000113  91.5832 350.2535  1.00268618 27084
YAMAL 401               
1 40345U 14082A   22116.85920300 -.00000243  00000+0  00000+0 0  9998
2 40345   0.0171 183.1480 0000765 247.5885 183.3438  1.00270435 26751
ASTRA 2G                
1 40364U 14089A   22116.84690524  .00000135  00000+0  00000+0 0  9996
2 40364   0.0191   9.7380 0004579  44.6905 133.4602  1.00272119 26808
FENGYUN 2G              
1 40367U 14090A   22116.89076951 -.00000311  00000+0  00000+0 0  9995
2 40367   1.8074  89.8774 0003100 350.1022 194.8342  1.00260456 26836
MUOS-3                  
1 40374U 15002A   22116.83809620 -.00000142  00000+0  00000+0 0  9990
2 40374   2.5465  10.6905 0051661 178.0718 312.3159  1.00271112 26427
INMARSAT 5-F2           
1 40384U 15005A   22116.85952359 -.00000299  00000+0  00000+0 0  9997
2 40384   0.0138 232.7604 0000302 282.4114 314.0849  1.00269698 25832
ABS-3A                  
1 40424U 15010A   22116.84071275 -.00000041  00000+0  00000+0 0  9991
2 40424   0.0118 274.5753 0002255  45.4821 194.4157  1.00270900 26229
EUTELSAT 115 WEST B     
1 40425U 15010B   22116.96185873 -.00000039  00000+0  00000+0 0  9992
2 40425   0.0128  99.5633 0000147 249.7960  96.9539  1.00273137 26274
EXPRESS-AM7             
1 40505U 15012A   22116.84926014  .00000136  00000+0  00000+0 0  9997
2 40505   0.0125 231.0931 0002779 154.5079 174.9318  1.00270263 25842
IRNSS-1D                
1 40547U 15018A   22116.32757979 -.00000317  00000+0  00000+0 0  9996
2 40547  28.6783 266.0112 0022577 179.0526 358.9379  1.00270198 25826
BEIDOU 17               
1 40549U 15019A   22116.61331903 -.00000148  00000+0  00000+0 0  9998
2 40549  51.9728 313.3544 0036178 187.6718  26.5022  1.00253401 25912
THOR 7                  
1 40613U 15022A   22116.98462265 -.00000022  00000+0  00000+0 0  9991
2 40613   0.0122 205.7194 0002528 194.7388 168.3059  1.00273567 25657
TURKMENALEM52E/MONACOSAT
1 40617U 15023A   22117.02757698  .00000090  00000+0  00000+0 0  9993
2 40617   0.0406  78.6607 0002260 323.8630 234.4003  1.00271372 25667
DIRECTV 15              
1 40663U 15026A   22116.96430083 -.00000116  00000+0  00000+0 0  9995
2 40663   0.0115 215.3967 0000746  96.4027 147.4067  1.00267436 25371
SKY MEXICO-1            
1 40664U 15026B   22117.07410574 -.00000249  00000+0  00000+0 0  9999
2 40664   0.0158 288.8953 0002368 111.3089 122.7403  1.00276642 25375
METEOSAT-11 (MSG-4)     
1 40732U 15034A   22116.84123606 -.00000021  00000+0  00000+0 0  9993
2 40732   0.2097  32.0808 0000945  51.7401  73.5788  1.00268267 24863
STAR ONE C4             
1 40733U 15034B   22117.09644889 -.00000279  00000+0  00000+0 0  9998
2 40733   0.0145  35.8647 0002574 354.1016 149.8226  1.00269099 24857
WGS F7 (USA 263)        
1 40746U 15036A   22116.58910935  .00000002  00000+0  00000+0 0  9998
2 40746   0.0152 281.5442 0000273 269.9987  50.0826  1.00268477 24696
INTELSAT 34 (IS-34)     
1 40874U 15039A   22116.85952359 -.00000300  00000+0  00000+0 0  9991
2 40874   0.0226 303.9974 0000384 229.7898 294.9727  1.00270243 24465
EUTELSAT 8 WEST B       
1 40875U 15039B   22116.83966615 -.00000080  00000+0  00000+0 0  9995
2 40875   0.0697  16.7739 0005931  28.7755 103.5438  1.00271981 24495
GSAT-6                  
1 40880U 15041A   22116.85772029 -.00000174  00000+0  00000+0 0  9994
2 40880   0.0461  94.5687 0002901 306.1181 205.4053  1.00270341 24445
INMARSAT 5-F3           
1 40882U 15042A   22116.15944785  .00000034  00000+0  00000+0 0  9994
2 40882   0.0145 231.4019 0000325 306.3965 273.3369  1.00271495 24385
MUOS-4                  
1 40887U 15044A   22116.85615036 -.00000107  00000+0  00000+0 0  9994
2 40887   2.5543   5.7830 0057607   1.0836 231.2026  1.00271753 24394
TJS-1                   
1 40892U 15046A   22116.87219851 -.00000170  00000+0  00000+0 0  9999
2 40892   0.1310  87.9164 0006681 322.2703 273.6337  1.00271712 24384
EXPRESS-AM8             
1 40895U 15048A   22117.25635581 -.00000125  00000+0  00000+0 0  9999
2 40895   0.0155 327.3754 0000490 117.4327 208.6846  1.00271177 24217
BEIDOU 20               
1 40938U 15053A   22116.49105859 -.00000142  00000+0  00000+0 0  9997
2 40938  51.5824 276.4652 0045380 192.9350  15.9349  1.00258230 24189
SKY MUSTER 1 (NBN1A)    
1 40940U 15054A   22116.86923309 -.00000293  00000+0  00000+0 0  9997
2 40940   0.0142 263.6374 0001763 133.0355 271.3368  1.00270521 24097
ARSAT 2                 
1 40941U 15054B   22116.89563344 -.00000238  00000+0  00000+0 0  9999
2 40941   0.0163 260.5293 0001541 136.6568  59.1057  1.00268923 24164
MORELOS 3               
1 40946U 15056A   22116.67517272 -.00000064  00000+0  00000+0 0  9998
2 40946   3.7940 334.1831 0001484 353.5582  16.8552  1.00272284 24121
APSTAR 9                
1 40982U 15059A   22116.94136248 -.00000280  00000+0  00000+0 0  9991
2 40982   0.0643 104.3062 0001106 326.9815 264.5267  1.00271997 23986
TURKSAT 4B              
1 40984U 15060A   22117.17271906  .00000101  00000+0  00000+0 0  9993
2 40984   0.0144 247.0904 0001812 137.2377 302.9902  1.00273444 23942
CHINASAT 2C (ZX 2C)     
1 41021U 15063A   22116.93360006 -.00000338  00000+0  00000+0 0  9995
2 41021   0.0222 312.6591 0003850 126.7614 214.9687  1.00271985 23843
GSAT-15                 
1 41028U 15065A   22116.89076951 -.00000272  00000+0  00000+0 0  9999
2 41028   0.0690  94.5880 0003152 343.9548 190.4737  1.00270070 23691
BADR-7 (ARABSAT-6B)     
1 41029U 15065B   22116.84646914  .00000131  00000+0  00000+0 0  9990
2 41029   0.0472 251.7304 0002461 338.2344 315.5887  1.00274158 23744
LAOSAT 1                
1 41034U 15067A   22117.01037131 -.00000357  00000+0  00000+0 0  9994
2 41034   0.0154 265.3681 0002159 109.4427 332.4171  1.00270134 23687
TELSTAR 12V             
1 41036U 15068A   22116.83827066 -.00000133  00000+0  00000+0 0  9992
2 41036   0.0152 239.1883 0002077 150.5339 111.8746  1.00269630 23460
CHINASAT 1C (ZX 1C)     
1 41103U 15073A   22116.92923916 -.00000161  00000+0  00000+0 0  9995
2 41103   3.2615  85.7499 0001075   2.1055 182.9302  1.00270862 23495
ELEKTRO-L 2             
1 41105U 15074A   22117.25716293 -.00000126  00000+0  00000+0 0  9994
2 41105   2.8593  88.6772 0001222  19.5781 185.0941  1.00270375 23352
COSMOS 2513             
1 41121U 15075A   22116.42671506 -.00000154  00000+0  00000+0 0  9999
2 41121   0.0543  96.4513 0002628 330.9502  20.8610  1.00273198 23352
EXPRESS-AMU1            
1 41191U 15082A   22117.03313130  .00000142  00000+0  00000+0 0  9994
2 41191   0.0135 270.1901 0002820 123.6834 229.1614  1.00273901 23346
GAOFEN 4                
1 41194U 15083A   22116.86234285 -.00000349  00000+0  00000+0 0  9991
2 41194   0.0853  76.3382 0006121  99.5540  95.0813  1.00271647 23355
BELINTERSAT-1           
1 41238U 16001A   22117.17271906  .00000093  00000+0  00000+0 0  9992
2 41238   0.0148 199.4863 0001563 294.9112 194.4239  1.00273946 23072
IRNSS-1E                
1 41241U 16003A   22116.32757979 -.00000286  00000+0  00000+0 0  9998
2 41241  29.8655  85.4200 0017730 185.8094 172.7908  1.00270286 22904
EUTELSAT 9B             
1 41310U 16005A   22116.84306764  .00000047  00000+0  00000+0 0  9990
2 41310   0.0709  74.2931 0002070 276.6623 176.3405  1.00271597 22950
SES-9                   
1 41380U 16013A   22117.00635927 -.00000359  00000+0  00000+0 0  9998
2 41380   0.0153 280.8400 0002039 147.0465 257.6604  1.00271123 22595
EUTELSAT 65 WEST A      
1 41382U 16014A   22117.18733344 -.00000290  00000+0  00000+0 0  9996
2 41382   0.0563 357.1274 0001891  36.7618 183.4929  1.00270125 22483
IRNSS-1F                
1 41384U 16015A   22116.84769020  .00000148  00000+0  00000+0 0  9992
2 41384   2.1178 160.5780 0020433 186.6567 205.1375  1.00271238 22505
BEIDOU IGSO-6           
1 41434U 16021A   22116.78829465 -.00000169  00000+0  00000+0 0  9992
2 41434  58.0294  53.3717 0044894 219.9902 318.7559  1.00292313 22310
IRNSS-1G                
1 41469U 16027A   22116.93883315 -.00000346  00000+0  00000+0 0  9994
2 41469   2.0573 163.7006 0006806 279.1596 239.4997  1.00267432 22007
JCSAT-2B                
1 41471U 16028A   22116.87193685 -.00000180  00000+0  00000+0 0  9991
2 41471   0.0145 221.3461 0001562 185.5987 275.7913  1.00269700 21928
THAICOM 8               
1 41552U 16031A   22117.00042844 -.00000135  00000+0  00000+0 0  9991
2 41552   0.0742  64.3393 0004940 332.6961 256.5868  1.00271339 21613
INTELSAT 31 (IS-31)     
1 41581U 16035A   22116.53529576 -.00000165  00000+0  00000+0 0  9999
2 41581   0.0145 240.8893 0002141 336.5505  94.7158  1.00271607 21528
BEIDOU-2 G7             
1 41586U 16037A   22116.86330225 -.00000367  00000+0  00000+0 0  9997
2 41586   1.8657  69.0577 0009220   2.0610 205.0573  1.00270709 21628
ABS-2A (MONGOLSAT-1)    
1 41588U 16038A   22117.08174306 -.00000098  00000+0  00000+0 0  9992
2 41588   0.0194 236.2692 0001911  87.5289 355.4126  1.00269749 21527
EUTELSAT 117 WEST B     
1 41589U 16038B   22116.62244631 -.00000026  00000+0  00000+0 0  9992
2 41589   0.0090 101.2008 0000117 168.7821  51.6981  1.00270612 21509
BRISAT                  
1 41591U 16039A   22116.87123911 -.00000211  00000+0  00000+0 0  9996
2 41591   0.0216 248.2887 0002104 147.2096 283.4769  1.00268795 21455
ECHOSTAR 18             
1 41592U 16039B   22116.90080604 -.00000296  00000+0  00000+0 0  9995
2 41592   0.0174 231.3323 0001295 168.4692  77.9906  1.00268728 21459
MUOS-5                  
1 41622U 16041A   22116.63600084 -.00000183  00000+0  00000+0 0  9997
2 41622   5.7326 301.3277 0195187 233.6435 163.5694  1.00272163 21920
TIANTONG-1 1            
1 41725U 16048A   22116.86147067 -.00000336  00000+0  00000+0 0  9990
2 41725   2.3012 355.9027 0004140  53.9463 216.5167  1.00269403 21106
JCSAT-16                
1 41729U 16050A   22116.86234285 -.00000276  00000+0  00000+0 0  9999
2 41729   0.0607  87.9833 0001114  63.3218 119.5094  0.99824833 20902
USA 270                 
1 41744U 16052A   22108.17088551 -.00000013  00000+0  00000+0 0  9995
2 41744   0.2981  97.4271 0000811 334.5986 258.6727  1.00475911  3480
USA 271                 
1 41745U 16052B   22094.25960826 -.00000357  00000+0  00000+0 0  9994
2 41745   0.2304  98.2006 0000036 202.8696  99.8856  1.00128860  3351
INTELSAT 36 (IS-36)     
1 41747U 16053A   22116.71136824 -.00000039  00000+0  00000+0 0  9993
2 41747   0.0138 312.7953 0001383  33.5618 192.9179  1.00270789 20787
INTELSAT 33E (IS-33E)   
1 41748U 16053B   22116.85327216  .00000035  00000+0  00000+0 0  9991
2 41748   0.0187 315.2621 0001559  87.8013 178.9097  1.00271909 21080
INSAT-3DR               
1 41752U 16054A   22116.85257422 -.00000092  00000+0  00000+0 0  9992
2 41752   0.1586  95.6083 0010518 184.3491 315.8049  1.00271092 20652
GSAT-18                 
1 41793U 16060A   22117.07063219 -.00000091  00000+0  00000+0 0  9997
2 41793   0.0695  94.1219 0002341 321.4112 258.9009  1.00273660 20365
SKY MUSTER 2 (NBN1B)    
1 41794U 16060B   22116.94188580 -.00000258  00000+0  00000+0 0  9997
2 41794   0.0136 259.9737 0001538 137.4454 301.3835  1.00270837 20412
HIMAWARI-9              
1 41836U 16064A   22116.94110083 -.00000289  00000+0  00000+0 0  9995
2 41836   0.0043 151.5143 0001895 311.7564 231.1846  1.00271832 20147
SHIJIAN-17 (SJ-17)      
1 41838U 16065A   22116.94117035 -.00000375  00000+0  00000+0 0  9998
2 41838   1.9003  90.0317 0000956  26.9629 194.1896  1.00277183 20046
GOES 16                 
1 41866U 16071A   22116.88313140 -.00000262  00000+0  00000+0 0  9999
2 41866   0.0425 278.4096 0000800 158.7772  20.3845  1.00273278 19955
TIANLIAN 1-04           
1 41869U 16072A   22116.73299836  .00000016  00000+0  00000+0 0  9998
2 41869   0.0619 274.3877 0024413 197.9384 183.0636  1.00269566 20160
WGS F8 (USA 272)        
1 41879U 16075A   22116.87115189 -.00000217  00000+0  00000+0 0  9999
2 41879   0.0108 243.6820 0000253 145.7786 288.7910  1.00270988 19755
FENGYUN 4A              
1 41882U 16077A   22117.00566153 -.00000344  00000+0  00000+0 0  9993
2 41882   0.1571 287.1925 0005038 200.8275 193.5884  1.00274970 19810
ECHOSTAR 19             
1 41893U 16079A   22116.99424494 -.00000152  00000+0  00000+0 0  9992
2 41893   0.0327  99.3431 0001740 297.8354  78.5980  1.00270849 19578
JCSAT-110A (JCSAT-15)   
1 41903U 16082A   22116.86321503 -.00000365  00000+0  00000+0 0  9997
2 41903   0.0174 237.7926 0000272 158.4305 239.4298  1.00267410 19619
STAR ONE D1             
1 41904U 16082B   22116.90657115 -.00000225  00000+0  00000+0 0  9999
2 41904   0.0283 101.8052 0001443 286.6049  68.8410  1.00272548 19610
TJS-2                   
1 41911U 17001A   22116.85449323 -.00000020  00000+0  00000+0 0  9996
2 41911   0.2390  87.4881 0004543  77.4679  63.9504  1.00270760 19565
SBIRS GEO-4 (USA 273)   
1 41937U 17004A   22117.11834862  .00000112  00000+0  00000+0 0  9994
2 41937   2.4313 317.1161 0001818  89.7627  51.4238  1.00272041 19433
HISPASAT 36W-1          
1 41942U 17006A   22117.09736363 -.00000258  00000+0  00000+0 0  9998
2 41942   0.0127  62.3691 0001118 334.3049 177.4378  1.00272832 19367
TELKOM 3S               
1 41944U 17007A   22117.00827808 -.00000377  00000+0  00000+0 0  9999
2 41944   0.0189 271.6247 0002299 126.3750 297.9502  1.00270699 19050
INTELSAT 32E (IS-32E)   
1 41945U 17007B   22117.11872086 -.00000283  00000+0  00000+0 0  9996
2 41945   0.0113 219.1922 0000204  54.4348 301.0139  1.00266994 19082
ECHOSTAR 23             
1 42070U 17014A   22116.60561816 -.00000100  00000+0  00000+0 0  9991
2 42070   0.0045 126.5558 0001692 272.7665 290.8840  1.00134402 18767
WGS F9 (USA 275)        
1 42075U 17016A   22116.69540733 -.00000111  00000+0  00000+0 0  9994
2 42075   0.0173 241.9315 0000378 236.4185 334.6818  1.00270154 18735
SES-10                  
1 42432U 17017A   22116.82797891 -.00000287  00000+0  00000+0 0  9990
2 42432   0.0134 260.5510 0002648 143.7313  41.6933  1.00268786 18560
CHINASAT 16 (SJ-13)     
1 42662U 17018A   22117.22549686 -.00000365  00000+0  00000+0 0  9995
2 42662   0.0922  88.8278 0003896 153.1596 164.9090  1.00269254 18582
KOREASAT 7              
1 42691U 17023A   22117.00792920 -.00000376  00000+0  00000+0 0  9992
2 42691   0.0179  89.8492 0001432 309.4592 294.4239  1.00270368 18282
SGDC                    
1 42692U 17023B   22116.61191482 -.00000264  00000+0  00000+0 0  9991
2 42692   0.0015 214.1366 0002316 192.9178 312.9650  1.00268902 18286
GSAT-9                  
1 42695U 17024A   22116.89076951 -.00000301  00000+0  00000+0 0  9990
2 42695   0.0949 101.1508 0002045 281.8169 249.8804  1.00273758 18144
INMARSAT 5-F4           
1 42698U 17025A   22117.10257476  .00000062  00000+0  00000+0 0  9995
2 42698   0.0168 242.3768 0000380 245.3389 180.7627  1.00271299 18105
SES-15                  
1 42709U 17026A   22116.67203287  .00000046  00000+0  00000+0 0  9993
2 42709   0.0273  59.1606 0000890 315.2267 313.0325  1.00265890 19015
QZS-2 (MICHIBIKI-2)     
1 42738U 17028A   22116.73452045 -.00000259  00000+0  00000+0 0  9999
2 42738  41.8601 264.8960 0741517 270.6548  81.6010  1.00252209 17980
VIASAT-2                
1 42740U 17029A   22116.88313140 -.00000279  00000+0  00000+0 0  9993
2 42740   0.0161 265.4113 0000122 229.8433 327.6242  1.00271467 18019
EUTELSAT 172B           
1 42741U 17029B   22116.87560001 -.00000020  00000+0  00000+0 0  9997
2 42741   0.0322 165.1959 0000084 346.0780 190.7853  1.00272068 18540
GSAT-19                 
1 42747U 17031A   22117.17271906  .00000112  00000+0  00000+0 0  9994
2 42747   0.0913  97.3417 0006272 342.2170 245.6483  1.00273039 17966
ECHOSTAR 21             
1 42749U 17032A   22116.85327141  .00000043  00000+0  00000+0 0  9997
2 42749   4.0922 311.2570 0002176  79.4856 141.5211  1.00268793 17952
BULGARIASAT-1           
1 42801U 17038A   22116.84167215 -.00000003  00000+0  00000+0 0  9992
2 42801   0.0218 122.2890 0002701 279.6098 117.8085  1.00272575 17662
HELLAS-SAT 3            
1 42814U 17040A   22116.84908569  .00000138  00000+0  00000+0 0  9992
2 42814   0.0653  25.9627 0005108   4.5561 168.9485  1.00271227 17697
GSAT-17                 
1 42815U 17040B   22116.64460465 -.00000273  00000+0  00000+0 0  9990
2 42815   0.0969  94.1604 0003008 210.7755 235.2228  1.00270455 17622
INTELSAT 35E (IS-35E)   
1 42818U 17041A   22116.88938104 -.00000252  00000+0  00000+0 0  9997
2 42818   0.0100 216.0617 0001595 193.6976  90.7865  1.00271666 17653
COSMOS 2520             
1 42907U 17046A   22116.92200005  .00000122  00000+0  00000+0 0  9993
2 42907   0.0407 110.9969 0000592  40.1029  80.6947  1.00272675 17228
TDRS 13                 
1 42915U 17047A   22116.98252942 -.00000122  00000+0  00000+0 0  9997
2 42915   4.5501 333.0529 0018769 105.8878 118.1263  1.00272203 17211
QZS-3 (MICHIBIKI-3)     
1 42917U 17048A   22116.86661654 -.00000362  00000+0  00000+0 0  9997
2 42917   0.0607 155.6235 0002217 257.3826 240.7500  1.00277007 17099
AMAZONAS 5              
1 42934U 17053A   22116.85952359 -.00000297  00000+0  00000+0 0  9993
2 42934   0.0334 316.7191 0004228  56.3326  90.1834  1.00270001 16916
ASIASAT 9               
1 42942U 17057A   22115.72132682 -.00000376  00000+0  00000+0 0  9998
2 42942   0.0162 201.0112 0002324 198.9506 195.5315  1.00270912 16769
INTELSAT 37E (IS-37E)   
1 42950U 17059A   22117.14111713 -.00000155  00000+0  00000+0 0  9994
2 42950   0.0216 244.4102 0002438 156.0669 207.4165  1.00270374 16880
BSAT-4A                 
1 42951U 17059B   22117.22549686 -.00000364  00000+0  00000+0 0  9990
2 42951   0.1040  58.6411 0004499 355.0855 352.4825  1.00272643 16797
QZS-4 (MICHIBIKI-4)     
1 42965U 17062A   22116.47208757 -.00000353  00000+0  00000+0 0  9994
2 42965  40.7789   2.7778 0747243 270.5980 249.7645  1.00266739 16640
SES-11 (ECHOSTAR 105)   
1 42967U 17063A   22116.67682987 -.00000104  00000+0  00000+0 0  9994
2 42967   0.0513  81.3349 0002572 314.7218 317.2853  1.00271707 16550
KOREASAT 5A             
1 42984U 17067A   22116.86382556 -.00000373  00000+0  00000+0 0  9995
2 42984   0.0197 261.8794 0001750 128.5306 248.5474  1.00271284 16366
ALCOMSAT 1              
1 43039U 17078A   22116.88938104 -.00000200  00000+0  00000+0 0  9996
2 43039   0.0154 299.3191 0001962 104.0106 106.9065  1.00270125 16120
SBIRS GEO-3 (USA 282)   
1 43162U 18009A   22116.94075194 -.00000312  00000+0  00000+0 0  9990
2 43162   3.6419 318.9000 0001878  90.3394 283.3245  1.00271319 15674
AL YAH 3                
1 43174U 18012A   22117.14146434 -.00000170  00000+0  00000+0 0  9998
2 43174   0.0139 229.0521 0001547 180.3722 196.5138  1.00267059 15677
SES-14                  
1 43175U 18012B   22116.84702178 -.00000293  00000+0  00000+0 0  9994
2 43175   0.0121 291.4555 0000885 110.6463  70.1337  1.00270428 15897
GOES 17                 
1 43226U 18022A   22116.67037573  .00000083  00000+0  00000+0 0  9999
2 43226   0.0344 279.3624 0000272 103.5629 295.8540  1.00271594 15255
HISPASAT 30W-6          
1 43228U 18023A   22116.97886626 -.00000230  00000+0  00000+0 0  9991
2 43228   0.0229  32.6131 0006048  10.3405 134.4114  1.00269489 15330
SUPERBIRD-B3            
1 43271U 18033A   22116.87359399 -.00000107  00000+0  00000+0 0  9994
2 43271   0.0116 246.0945 0001257 197.6149 247.6164  1.00271515 14882
HYLAS 4                 
1 43272U 18033B   22116.69095920 -.00000248  00000+0  00000+0 0  9998
2 43272   0.0706 268.9435 0001510 133.8388  27.0979  1.00270442 14909
IRNSS-1I                
1 43286U 18035A   22117.02757698  .00000111  00000+0  00000+0 0  9998
2 43286  28.9649  98.1778 0019696 189.1008 352.6455  1.00272215 14905
USA 283                 
1 43339U 18036A   22115.64806929 -.00000333  00000+0  00000+0 0  9993
2 43339   0.0077  71.5655 0001175   6.5415 142.9294  1.00271092  3569
COSMOS 2526             
1 43432U 18037A   22117.01028410 -.00000358  00000+0  00000+0 0  9999
2 43432   0.0215 126.3867 0000154 191.9902  28.3808  1.00273426 14795
APSTAR 6C               
1 43450U 18041A   22117.01150514 -.00000332  00000+0  00000+0 0  9997
2 43450   0.0129 253.6742 0000558 199.2027 260.2347  1.00269729 14675
BANGABANDHUSAT-1        
1 43463U 18044A   22116.86504661 -.00000377  00000+0  00000+0 0  9991
2 43463   0.0157 222.0080 0002374 183.7352 239.5986  1.00266803 14546
SES-12                  
1 43488U 18049A   22116.64495353 -.00000284  00000+0  00000+0 0  9993
2 43488   0.0186  87.1378 0001358 221.8286 232.8371  1.00268971 14256
FENGYUN 2H              
1 43491U 18050A   22116.85702253 -.00000139  00000+0  00000+0 0  9991
2 43491   1.0191  98.0931 0003959  19.1191 125.1679  1.00268155 14276
BEIDOU IGSO-7           
1 43539U 18057A   22116.98675942 -.00000115  00000+0  00000+0 0  9993
2 43539  55.0713 176.1602 0048073 226.3987 279.2827  1.00273781 13997
TELSTAR 19V             
1 43562U 18059A   22116.82867667 -.00000294  00000+0  00000+0 0  9999
2 43562   0.0102 177.5343 0002035 282.1738 350.4119  1.00270089 13976
TELKOM 4 (MERAH PUTIH)  
1 43587U 18064A   22117.00635927 -.00000358  00000+0  00000+0 0  9996
2 43587   0.0177 271.9976 0001644 155.6228 257.6376  1.00272092 13697
TELSTAR 18V (APSTAR 5C) 
1 43611U 18069A   22116.79701647 -.00000309  00000+0  00000+0 0  9993
2 43611   0.0128 229.5983 0001802 173.6897 236.4066  1.00269142 13464
AZERSPACE 2 (IS-38)     
1 43632U 18074A   22117.17271906  .00000123  00000+0  00000+0 0  9998
2 43632   0.0139 219.1964 0001298 191.3341 271.8860  1.00270719 13280
HORIZONS-3E             
1 43633U 18074B   22116.37908642 -.00000046  00000+0  00000+0 0  9999
2 43633   0.0232 101.8686 0000820 245.5065 172.4435  1.00271691 13170
AEHF-4 (USA 288)        
1 43651U 18079A   22117.11743257 -.00000293  00000+0  00000+0 0  9990
2 43651   2.5176 316.2541 0004274  89.3969 144.1260  1.00275704 13126
BEIDOU-3 G1             
1 43683U 18085A   22116.86923309 -.00000292  00000+0  00000+0 0  9990
2 43683   0.8516 174.9209 0003074 325.0763 167.8170  1.00270017 12896
GSAT-29                 
1 43698U 18089A   22116.85222556  .00000070  00000+0  00000+0 0  9998
2 43698   0.1094  97.2719 0001994 301.6529 177.7594  1.00273275 12628
ES'HAIL 2               
1 43700U 18090A   22116.84638194  .00000130  00000+0  00000+0 0  9999
2 43700   0.0149 222.0030 0002413 208.1745 115.1141  1.00270360 12518
GEO-KOMPSAT-2A          
1 43823U 18100A   22116.86687819 -.00000359  00000+0  00000+0 0  9991
2 43823   0.0542  73.6608 0002124 358.8006 222.6986  1.00269955 12456
GSAT-11                 
1 43824U 18100B   22116.85597594 -.00000092  00000+0  00000+0 0  9995
2 43824   0.0557 265.5370 0006870 164.5450 166.8753  1.00271886 12343
GSAT-7A                 
1 43864U 18105A   22116.85604904  .00000012  00000+0  00000+0 0  9999
2 43864   0.0860  94.5318 0001910 302.0079 189.2403  1.00270086 12300
COSMOS 2533             
1 43867U 18107A   22116.92697148 -.00000053  00000+0  00000+0 0  9990
2 43867   0.0401  80.1078 0000322 184.3821 354.1030  1.00274176 12257
TJS-3                   
1 43874U 18110A   22116.92479102  .00000042  00000+0  00000+0 0  9997
2 43874   0.1080  98.7855 0003273 286.5070 221.5367  1.00275030 12256
CHINASAT 2D (ZX 2D)     
1 43920U 19001A   22116.36487740 -.00000353  00000+0  00000+0 0  9990
2 43920   0.0106  60.8614 0001808  23.9200  30.9328  1.00271229 38904
HELLAS-SAT 4 & SGS-1    
1 44034U 19007A   22116.63378962  .00000138  00000+0  00000+0 0  9998
2 44034   0.0734 118.8105 0004204  14.0208 348.9379  1.00272033 12194
GSAT-31                 
1 44035U 19007B   22116.85083005  .00000111  00000+0  00000+0 0  9995
2 44035   0.1183  95.7725 0002067 256.6842 216.5373  1.00271882 11811
NUSANTARA SATU          
1 44048U 19009A   22116.94214744 -.00000249  00000+0  00000+0 0  9990
2 44048   0.0092 211.9505 0001983 186.4401 301.6988  1.00271340 11602
CHINASAT 6C (ZX 6C)     
1 44067U 19012A   22115.64623772 -.00000370  00000+0  00000+0 0  9991
2 44067   0.0051  17.6004 0003864 266.3478 287.3619  1.00268503 11557
WGS 10 (USA 291)        
1 44071U 19014A   22116.42270303  .00000031  00000+0  00000+0 0  9996
2 44071   0.0117 237.2252 0000335 244.9438 304.7056  1.00271867 11453
TIANLIAN 2-01           
1 44076U 19017A   22116.92906471 -.00000151  00000+0  00000+0 0  9995
2 44076   0.3523 283.6118 0031011 222.9175 122.8491  1.00272349 11444
ARABSAT-6A              
1 44186U 19021A   22116.56032737  .00000139  00000+0  00000+0 0  9992
2 44186   0.0568 335.3260 0001548  71.6668  39.7801  1.00281601 10994
BEIDOU-3 IGSO-1         
1 44204U 19023A   22116.72148554 -.00000233  00000+0  00000+0 0  9994
2 44204  56.4868  53.5268 0019376 203.8822 336.3232  1.00273107 11198
BEIDOU-2 G8             
1 44231U 19027A   22116.94188579 -.00000261  00000+0  00000+0 0  9994
2 44231   0.7405  73.4730 0003973 125.5256 139.5108  1.00268735 10903
YAMAL 601               
1 44307U 19031A   22115.55940109  .00000104  00000+0  00000+0 0  9999
2 44307   0.0106 222.2785 0002768 178.5878  63.0517  1.00271184 10751
AT&T T-16               
1 44333U 19034A   22116.90674476 -.00000129  00000+0  00000+0 0  9990
2 44333   0.0189 263.9666 0000515 310.7855 225.6809  1.00269478 10465
EUTELSAT 7C             
1 44334U 19034B   22116.26858859  .00000033  00000+0  00000+0 0  9992
2 44334   0.0419 248.8243 0003121 133.2468 295.8660  1.00271003 10932
BEIDOU-3 IGSO-2         
1 44337U 19035A   22116.99431265 -.00000113  00000+0  00000+0 0  9994
2 44337  55.1119 172.1823 0023199 196.0078 323.7844  1.00268769 10533
COSMOS 2539             
1 44457U 19048A   22117.25488666  .00000068  00000+0  00000+0 0  9996
2 44457   0.0372  87.9442 0000366  71.9226 159.0979  1.00273450 10063
EDRS-C                  
1 44475U 19049A   22116.31811257  .00000139  00000+0  00000+0 0  9998
2 44475   0.0681 265.6864 0000810 121.7450 332.5648  1.00270480 10034
INTELSAT 39 (IS-39)     
1 44476U 19049B   22116.85604904  .00000019  00000+0  00000+0 0  9994
2 44476   0.0210 260.4967 0000397 318.4643   5.9771  1.00270781  9983
AMOS-17                 
1 44479U 19050A   22116.84463757  .00000095  00000+0  00000+0 0  9991
2 44479   0.0206 115.1724 0002033 290.9222 129.7777  1.00269869 10027
AEHF-5 (USA 292)        
1 44481U 19051A   22116.70866448  .00000060  00000+0  00000+0 0  9996
2 44481   4.4967 304.7034 0003431 110.1209 109.6396  1.00277987 10106
EUTELSAT 5 WEST B       
1 44624U 19067A   22116.98383769 -.00000056  00000+0  00000+0 0  9998
2 44624   0.0717  23.8358 0006166  67.0516 113.2362  1.00273953  9287
MEV-1                   
1 44625U 19067B   22116.26169837 -.00000218  00000+0  00000+0 0  9998
2 44625   0.0218 112.2328 0000939 302.1530 226.5760  1.00269361  7809
TJS-4                   
1 44637U 19070A   22116.85789472 -.00000185  00000+0  00000+0 0  9996
2 44637   0.0625  64.6525 0005296 355.0465 187.4985  1.00272385  9398
BEIDOU-3 IGSO-3         
1 44709U 19073A   22117.32029924 -.00000181  00000+0  00000+0 0  9997
2 44709  57.3476 296.9102 0021311 172.4215 340.7291  1.00271095  9298
TIBA-1                  
1 44800U 19080A   22116.84838795  .00000141  00000+0  00000+0 0  9992
2 44800   0.0586  17.0714 0001972  21.5836 157.0627  1.00271783  8893
INMARSAT GX5            
1 44801U 19080B   22116.84350373  .00000061  00000+0  00000+0 0  9995
2 44801   0.0532 324.4073 0001772  86.7663 118.3049  1.00274678  8925
JCSAT-18 (KACIFIC 1)    
1 44868U 19091A   22116.35542014 -.00000217  00000+0  00000+0 0  9995
2 44868   0.0223 107.0900 0000347   6.9146  18.2842  1.00269896  8853
ELEKTRO-L 3             
1 44903U 19095A   22116.42584288 -.00000112  00000+0  00000+0 0  9990
2 44903   0.1046  89.1845 0001266 329.6152  24.9223  1.00271516  8543
SHIJIAN-20 (SJ-20)      
1 44910U 19097A   22116.93046021 -.00000220  00000+0  00000+0 0  9994
2 44910   1.0412  92.2805 0009980 333.4406 211.6434  1.00272189  8530
TJS-5                   
1 44978U 20002A   22116.86269174 -.00000357  00000+0  00000+0 0  9995
2 44978   0.2418  88.6655 0001141 100.1887  84.1035  1.00271023  8532
GSAT-30                 
1 45026U 20005A   22116.74523611 -.00000179  00000+0  00000+0 0  9991
2 45026   0.0792  98.9952 0004476 347.1627 119.8209  1.00271045  8356
EUTELSAT KONNECT        
1 45027U 20005B   22116.34036911  .00000034  00000+0  00000+0 0  9999
2 45027   0.0542  84.0854 0000244 177.7753  82.1925  1.00273614  9153
JCSAT-17                
1 45245U 20013A   22115.98617403 -.00000340  00000+0  00000+0 0  9991
2 45245   6.2061 345.1127 0003061  39.1543 320.7181  1.00270893  8061
GEO-KOMPSAT-2B          
1 45246U 20013B   22116.86687819 -.00000358  00000+0  00000+0 0  9997
2 45246   0.0066 302.6298 0000935  18.4846 334.0416  1.00269893  8088
BEIDOU-3 G2             
1 45344U 20017A   22116.85719698 -.00000159  00000+0  00000+0 0  9999
2 45344   2.1037 349.5576 0003937  92.7725 161.1216  1.00271680  8098
AEHF-6 (USA 298)        
1 45465U 20022B   22116.86870979 -.00000323  00000+0  00000+0 0  9993
2 45465   6.0662 303.3054 0047670   3.2494 358.7718  1.00272519  7856
BEIDOU-3 G3             
1 45807U 20040A   22116.86330225 -.00000371  00000+0  00000+0 0  9991
2 45807   1.5591 302.0664 0005572 336.4199 357.6985  1.00272170  6900
APSTAR 6D               
1 45863U 20045A   22116.86801204 -.00000332  00000+0  00000+0 0  9995
2 45863   0.0499  80.7716 0002947 341.3161 239.2131  1.00271857  6693
KOREASAT 116            
1 45920U 20048A   22116.86443609 -.00000377  00000+0  00000+0 0  9992
2 45920   0.0204 267.4694 0000917 147.6768 227.0890  1.00273506  6471
EXPRESS 103             
1 45985U 20053A   22116.13746965 -.00000295  00000+0  00000+0 0  9999
2 45985   0.0104 295.0001 0000578 147.8669 277.1395  1.00268869  6488
EXPRESS 80              
1 45986U 20053B   22115.63728689 -.00000152  00000+0  00000+0 0  9999
2 45986   0.0107 288.3033 0000686 347.4349 247.3165  1.00271983  6468
BSAT-4B                 
1 46112U 20056A   22116.86312781 -.00000365  00000+0  00000+0 0  9998
2 46112   0.0831 106.5604 0002821 350.1009 178.7241  1.00273025  6221
MEV-2                   
1 46113U 20056B   22116.17479838 -.00000027  00000+0  00000+0 0  9995
2 46113   0.0147 229.1847 0000736 199.1545 207.7585  1.00269622 65375
GALAXY 30 (G-30)        
1 46114U 20056C   22117.22131420  .00000023  00000+0  00000+0 0  9990
2 46114   0.0142 204.4385 0001886 198.6608 126.7427  1.00272752  6249
GAOFEN 13               
1 46610U 20071A   22116.52827096 -.00000378  00000+0  00000+0 0  9995
2 46610   0.6241 270.9408 0004545 249.5372   1.9752  1.00266725  5730
TIANTONG-1 2            
1 46916U 20082A   22116.86618045 -.00000377  00000+0  00000+0 0  9994
2 46916   4.2521 295.8622 0003827 133.5158 222.2605  1.00272382  5483
LUCAS (JDRS-1)          
1 47202U 20089A   22115.99826875 -.00000252  00000+0  00000+0 0  9997
2 47202   0.0303 112.2537 0002780 290.4991 261.3902  1.00271753  5245
SXM-7                   
1 47240U 20096A   22117.23203300 -.00000035  00000+0  00000+0 0  9997
2 47240   0.0131 227.8688 0002236 321.3723 354.1875  1.00268914  5176
CMS-01                  
1 47256U 20099A   22116.85780750 -.00000179  00000+0  00000+0 0  9992
2 47256   0.1103  96.8580 0004828 192.6513 317.0926  1.00271798  5037
TURKSAT 5A              
1 47306U 21001A   22116.84742854  .00000140  00000+0  00000+0 0  9991
2 47306   0.0458  81.4053 0000262  49.9052  59.4913  1.00271714  4827
TIANTONG-1 3            
1 47321U 21003A   22116.92932637 -.00000177  00000+0  00000+0 0  9990
2 47321   4.5434 308.3286 0003850  91.6058 231.0475  1.00271438  4804
TJS-6                   
1 47613U 21010A   22116.92214953  .00000028  00000+0  00000+0 0  9990
2 47613   0.0743  75.7287 0001302   3.6900 285.9418  1.00268444  4669
SBIRS GEO-5 (USA 315)   
1 48618U 21042A   22116.84298042  .00000021  00000+0  00000+0 0  9996
2 48618   7.4344 326.4491 0005353 209.7526 350.5676  1.00272528  3560
FENGYUN 4B              
1 48808U 21047A   22116.93961811 -.00000336  00000+0  00000+0 0  9993
2 48808   0.1629 285.5007 0000004 117.6448 283.2414  1.00272044  3401
SXM-8                   
1 48838U 21049A   22116.90674476 -.00000219  00000+0  00000+0 0  9993
2 48838   0.0210 300.1064 0000809  49.4580 106.5344  1.00271679  3455
TIANLIAN 1-05           
1 49011U 21063A   22116.26954799  .00000106  00000+0  00000+0 0  9995
2 49011   2.2980 283.7594 0004889 345.4946  53.6311  1.00698129  2917
STAR ONE D2             
1 49055U 21069A   22116.59839240 -.00000279  00000+0  00000+0 0  9990
2 49055   0.0258 141.8585 0001068 284.8638 293.2811  1.00270631  2756
EUTELSAT QUANTUM        
1 49056U 21069B   22116.85083005  .00000111  00000+0  00000+0 0  9994
2 49056   0.0106 261.9487 0001573 161.4676 145.4184  1.00273010  2763
CHINASAT 2E (ZX 2E)     
1 49062U 21071A   22115.85615369 -.00000307  00000+0  00000+0 0  9995
2 49062   0.0516  60.8548 0001956  16.1391 183.0942  1.00269916  2876
TJS-7                   
1 49115U 21077A   22116.94223465 -.00000245  00000+0  00000+0 0  9994
2 49115   0.4359 271.1132 0002386  46.8441  22.6925  1.00270423  2643
CHINASAT 9B             
1 49125U 21080A   22116.86147067 -.00000327  00000+0  00000+0 0  9994
2 49125   0.0629  96.7782 0002049 323.8996 205.6657  1.00269014  2471
SHIJIAN-21 (SJ-21)      
1 49330U 21094A   22116.92540156 -.00000080  00000+0  00000+0 0  9996
2 49330   8.3631  50.3227 0110876  12.9141 187.4847  1.00442570  2095
QZS-1R                  
1 49336U 21096A   22116.26140281 -.00000219  00000+0  00000+0 0  9990
2 49336  34.3662 102.6381 0752175 270.1708  70.8593  1.00277453  1848
CHINASAT 1D (ZX 1D)     
1 49505U 21114A   22115.64728434 -.00000355  00000+0  00000+0 0  9993
2 49505   1.6093 280.1518 0003502 173.8798 122.7461  1.00268579  1644
STPSAT-6                
1 49817U 21118A   22116.62919348 -.00000061  00000+0  00000+0 0  9992
2 49817   0.0574  64.3168 0000463   0.1590 264.9988  1.00272072  1393
LDPE-1                  
1 49818U 21118B   22116.86958196 -.00000104  00000+0  00000+0 0  9991
2 49818   0.3155 101.5963 0001159 223.7296 344.6021  1.01187574  1418
EXPRESS AMU-7           
1 50001U 21123A   22116.29606229 -.00000259  00000+0  00000+0 0  9998
2 50001   0.0165 297.3135 0000189   8.0790 160.4414  1.00269951  1387
EXPRESS AMU-3           
1 50002U 21123B   22115.12197689 -.00000338  00000+0  00000+0 0  9993
2 50002   0.0237 305.4812 0000990 215.9690 198.5451  1.00269691  1338
TIANLIAN 2-02           
1 50005U 21124A   22115.87063192 -.00000033  00000+0  00000+0 0  9992
2 50005   2.6746 283.3288 0002888 113.2798 301.7650  1.00274084  1445
SHIYAN 12 01 (SY-12 01) 
1 50321U 21129A   22116.92348275  .00000095  00000+0  00000+0 0  9990
2 50321   0.2513 252.8194 0002072 274.1735  72.9896  1.00193694  1336
SHIYAN 12 02 (SY-12 02) 
1 50322U 21129B   22116.93037299 -.00000231  00000+0  00000+0 0  9996
2 50322   0.2519 252.8218 0001252  23.0133   1.1080  1.00336114  1337
TJS-9                   
1 50574U 21135A   22116.86862256 -.00000314  00000+0  00000+0 0  9995
2 50574   0.0332 343.5108 0004624  64.0230 257.2183  1.00269569  1283
USA 324                 
1 51280U 22006A   22109.45138889 -.00000269  00000+0  00000+0 0  9992
2 51280   0.1059 112.2621 0000730  14.4971 199.4920  1.00278529   866
USA 325                 
1 51281U 22006B   22109.36918328 -.00000257  00000+0  00000+0 0  9994
2 51281   0.0991 146.3148 0003705 270.4122 237.9182  1.00514430   862
GOES 18                 
1 51850U 22021A   22116.33203437 -.00000197  00000+0  00000+0 0  9999
2 51850   0.0441  72.7819 0001059  48.3061 123.2438  1.00267507   428
