STARLETTE               
1 07646U 75010A   22116.85293116 -.00000125  00000+0  16132-4 0  9998
2 07646  49.8236 313.8711 0205704 107.1339 255.2190 13.82311853385345
LAGEOS 1                
1 08820U 76039A   22116.46962932 -.00000018  00000+0  00000+0 0  9994
2 08820 109.8617  21.1878 0045061 265.8973 245.0304  6.38665056816531
AJISAI (EGS)            
1 16908U 86061A   22116.93179542 -.00000072  00000+0  17815-3 0  9991
2 16908  50.0070 117.4590 0011366 291.2417  82.7913 12.44496354292430
COSMOS 1989 (ETALON 1)  
1 19751U 89001C   22116.72826986  .00000090  00000+0  00000+0 0  9998
2 19751  64.2917 124.1656 0023718 213.2141 150.0940  2.13156277259137
COSMOS 2024 (ETALON 2)  
1 20026U 89039C   22116.70059203 -.00000080  00000+0  00000+0 0  9994
2 20026  65.5443   2.1370 0018339 218.9287  24.3020  2.13204292256259
LAGEOS 2                
1 22195U 92070B   22117.14010274 -.00000009  00000+0  00000+0 0  9997
2 22195  52.6387 142.2301 0137990 246.4440 123.0388  6.47294263697738
STELLA                  
1 22824U 93061B   22116.89102235 -.00000029  00000+0  70620-5 0  9990
2 22824  98.9685 136.4936 0005562 311.1159 173.3685 14.27389567489024
LARES                   
1 38077U 12006A   22116.94082927 -.00000009  00000+0  18148-3 0  9991
2 38077  69.4966 355.2993 0007310  12.5839 347.5358 12.54931427467440
