GORIZONT 1 [-]          
1 11158U 78118A   22115.72974777  .00000028  00000+0  00000+0 0  9990
2 11158  11.1190 207.6847 3496067 278.1204  44.6067  1.00285770107762
GORIZONT 2 [-]          
1 11440U 79062A   22116.64632749 -.00000021  00000+0  00000+0 0  9999
2 11440   9.4080 302.4709 0000365  33.6020 175.7699  1.00246720122850
GORIZONT 3 [-]          
1 11648U 79105A   22116.63396405  .00000110  00000+0  00000+0 0  9990
2 11648   9.5643 303.8811 0012223 203.6244 335.1763  1.00283455107312
GORIZONT 4 [-]          
1 11841U 80049A   22116.53712736 -.00000065  00000+0  00000+0 0  9992
2 11841  10.7075 309.5353 0001853  72.9326 299.7536  0.98628462218604
GORIZONT 5 [-]          
1 13092U 82020A   22116.26989686 -.00000160  00000+0  00000+0 0  9999
2 13092  11.6856 314.7731 0032859 207.6223 162.6956  0.98533357106699
GORIZONT 6 [-]          
1 13624U 82103A   22116.73666153  .00000075  00000+0  00000+0 0  9999
2 13624  10.5997 314.7851 0002428 133.7062 226.4282  1.00233042105777
GORIZONT 7 [-]          
1 14160U 83066A   22116.70709456 -.00000044  00000+0  00000+0 0  9992
2 14160  12.2338 323.9852 0009261 326.6679 225.9977  0.98347203139877
GORIZONT 8 [-]          
1 14532U 83118A   22116.40421278 -.00000207  00000+0  00000+0 0  9994
2 14532  12.4006 325.8151 0030202 143.8374 218.1526  0.98271293105677
GORIZONT 9 [-]          
1 14940U 84041A   22116.07118310 -.00000310  00000+0  00000+0 0  9991
2 14940  11.5968 323.8988 0003497 194.0278 178.6693  1.00269557106771
GORIZONT 10 [-]         
1 15144U 84078A   22116.62581806 -.00000047  00000+0  00000+0 0  9990
2 15144  11.6849 324.9110 0002017  79.9754 280.5888  1.00166845139415
GORIZONT 11 [-]         
1 15484U 85007A   22116.70482689  .00000117  00000+0  00000+0 0  9995
2 15484  11.8576 326.8690 0004270 121.5278  55.5066  1.00363107137464
GORIZONT 12 [-]         
1 16769U 86044A   22116.07144476 -.00000316  00000+0  00000+0 0  9995
2 16769  12.4535 332.1991 0001123  83.2968 283.1006  1.00219308132091
GORIZONT 13 [-]         
1 17083U 86090A   22116.64190090 -.00000082  00000+0  00000+0 0  9992
2 17083  14.2987 339.2803 0014184 347.1698 199.5298  0.96725389104014
GORIZONT 14 [-]         
1 17969U 87040A   22116.47410466 -.00000136  00000+0  00000+0 0  9994
2 17969  13.2872 330.7633 0030717 166.9722   5.0751  0.97659022105085
GORIZONT 15 [-]         
1 19017U 88028A   22116.87551279 -.00000205  00000+0  00000+0 0  9996
2 19017  14.5680 342.1502 0037298 149.9070 210.1165  0.97829924104696
GORIZONT 16 [-]         
1 19397U 88071A   22115.20117787  .00000087  00000+0  00000+0 0  9990
2 19397  13.4253 340.8544 0016589  58.2584 298.9323  0.99967308123090
GORIZONT 17 [-]         
1 19765U 89004A   22116.97703469 -.00000268  00000+0  00000+0 0  9991
2 19765  13.9527 344.1545 0023731 123.4328  60.1586  0.99067985120587
GORIZONT 18 [-]         
1 20107U 89052A   22116.37613708 -.00000017  00000+0  00000+0 0  9998
2 20107  13.9885 345.4259 0033706 318.4663 245.2650  0.99402706119370
GORIZONT 19 [-]         
1 20263U 89081A   22116.27417056  .00000112  00000+0  00000+0 0  9995
2 20263  13.7209 344.6364 0001273 143.9648 219.5482  1.00282829 32171
GORIZONT 20 [-]         
1 20659U 90054A   22116.64338361 -.00000245  00000+0  00000+0 0  9996
2 20659  14.1426 347.4701 0006061 149.8893  36.0450  1.00314071116523
GORIZONT 21 [-]         
1 20923U 90094A   22116.35271226  .00000053  00000+0  00000+0 0  9994
2 20923  14.1501 348.2437 0002666 183.7189  30.1920  1.00370344115271
GORIZONT 22 [-]         
1 20953U 90102A   22116.50790927 -.00000371  00000+0  00000+0 0  9992
2 20953  14.1079 348.6082 0004208  29.3563 146.6438  1.00330021115207
GORIZONT 23 [-]         
1 21533U 91046A   22116.34619647 -.00000023  00000+0  00000+0 0  9990
2 21533  14.8438 352.7214 0004208 348.8110 212.4297  0.98908460 31721
GORIZONT 24 [-]         
1 21759U 91074A   22116.51577161 -.00000242  00000+0  00000+0 0  9997
2 21759  14.9868 354.6026 0015620 221.4116 324.2018  0.98445125110065
GORIZONT 25 [-]         
1 21922U 92017A   22116.41863278  .00000055  00000+0  00000+0 0  9994
2 21922  14.5319 353.9644 0030643  76.4188 135.4368  0.99853707109834
GORIZONT 26 [-]         
1 22041U 92043A   22115.97402208 -.00000286  00000+0  00000+0 0  9995
2 22041  14.6906 355.9443 0028206 232.7774 305.5545  0.99246066108457
GORIZONT 27 [-]         
1 22245U 92082A   22117.01037131 -.00000378  00000+0  00000+0 0  9992
2 22245  14.6095 355.5661 0013938  12.6460 338.5514  1.00188356111998
GORIZONT 28 [-]         
1 22880U 93069A   22116.51577161 -.00000362  00000+0  00000+0 0  9992
2 22880  14.7252 359.4031 0034381 124.8360  54.0718  0.99657425104053
GORIZONT 29 [-]         
1 22907U 93072A   22116.72826986  .00000033  00000+0  00000+0 0  9995
2 22907  14.6391 358.8804 0011400 354.3255 183.4519  1.00113256104022
GORIZONT 30 [-]         
1 23108U 94030A   22116.58012590 -.00000359  00000+0  00000+0 0  9998
2 23108  14.6481 359.8013 0002001  78.0741 115.9429  1.00328778102290
GORIZONT 31 [-]         
1 23775U 96005A   22115.79979760  .00000081  00000+0  00000+0 0  9996
2 23775  14.5179   5.9698 0016808 196.1376 353.9630  0.99883833 95932
GORIZONT 32 [-]         
1 23880U 96034A   22116.14602729 -.00000197  00000+0  00000+0 0  9992
2 23880  14.4627   6.4909 0009691 358.1039 171.7338  1.00145603 94877
GORIZONT 33 [-]         
1 26372U 00029A   22116.23621840 -.00000315  00000+0  00000+0 0  9997
2 26372  13.1062  17.5761 0004743  60.6764 159.7558  1.00359984 80242
