COSMOS 2361 [-]         
1 25590U 98076A   22116.84995455  .00000057  00000+0  45905-4 0  9990
2 25590  82.9346 244.2825 0031249 354.3951 116.6618 13.73016355169156
COSMOS 2378 [-]         
1 26818U 01023A   22116.91355362  .00000064  00000+0  52771-4 0  9992
2 26818  82.9259 262.3754 0031861 300.0374  59.7630 13.73966844 47234
COSMOS 2389 [-]         
1 27436U 02026A   22116.53870562  .00000048  00000+0  34172-4 0  9992
2 27436  82.9541 208.3919 0047034 159.0479 213.3750 13.74972202999294
COSMOS 2398 [-]         
1 27818U 03023A   22116.86325298  .00000058  00000+0  47213-4 0  9992
2 27818  82.9504 169.6035 0030776 192.4457 167.5943 13.72207310946315
COSMOS 2407 [+]         
1 28380U 04028A   22116.88375674  .00000060  00000+0  45230-4 0  9998
2 28380  82.9571 114.6115 0039470 159.3856 200.8912 13.76110028892071
COSMOS 2414 [+]         
1 28521U 05002A   22117.05497482  .00000047  00000+0  26812-4 0  9990
2 28521  82.9461 107.0984 0039644 322.6652  37.1757 13.87652203874423
COSMOS 2429 [-]         
1 32052U 07038A   22116.85198751  .00000045  00000+0  30234-4 0  9990
2 32052  82.9815 240.3087 0039457 137.0178 223.4072 13.74958391733818
COSMOS 2454 [-]         
1 35635U 09039A   22117.03394363  .00000060  00000+0  36288-4 0  9993
2 35635  82.9531  93.5530 0017750 266.6456  93.2679 13.89682117647551
COSMOS 2463 [+]         
1 36519U 10017A   22116.86484307  .00000062  00000+0  52404-4 0  9991
2 36519  82.9573 280.6914 0036316   8.2000 102.1288 13.71471864600627
