CALSPHERE 1             
1 00900U 64063C   22116.81819682  .00000580  00000+0  60907-3 0  9990
2 00900  90.1772  39.9617 0026352 172.1357 248.0749 13.73757671863576
CALSPHERE 2             
1 00902U 64063E   22117.11979351  .00000038  00000+0  43955-4 0  9999
2 00902  90.1915  43.0077 0016645 300.4855 125.9586 13.52712147652288
LCS 1                   
1 01361U 65034C   22116.82033556  .00000007  00000+0 -11654-3 0  9990
2 01361  32.1365 167.8866 0013308  53.9274 306.2455  9.89301381 60115
TEMPSAT 1               
1 01512U 65065E   22117.01188676  .00000028  00000+0  36705-4 0  9995
2 01512  89.9150 219.0819 0070400 173.4571   2.7133 13.33449088758517
CALSPHERE 4A            
1 01520U 65065H   22116.76780409  .00000113  00000+0  20021-3 0  9995
2 01520  89.9911 130.1981 0071068  50.4250 125.2532 13.35881268760758
OPS 5712 (P/L 160)      
1 02826U 67053A   22117.22826644  .00003224  00000+0  84088-3 0  9997
2 02826  69.9301  49.2635 0003388  55.0082 305.1369 14.50352180845800
OPS 5712 (P/L 153)      
1 02874U 67053H   22117.20933977  .00000050  00000+0  74492-4 0  9999
2 02874  69.9714 114.9048 0007876 337.9373  22.1393 13.96398324796155
SURCAL 150B             
1 02909U 67053J   22116.87070321  .00005847  00000+0  11353-2 0  9999
2 02909  69.9501  42.0495 0001951 128.2879 231.8437 14.63645015856067
RIGIDSPHERE 2 (LCS 4)   
1 05398U 71067E   22117.20133086  .00000566  00000+0  19155-3 0  9992
2 05398  87.6273  37.1166 0062405 192.4428 167.5232 14.34186880657143
COSMOS 2493 (SKRL-756 1)
1 39490U 13078A   22117.12076303  .00002003  00000+0  20875-3 0  9998
2 39490  82.4153 283.3747 0015778 266.8928  93.0484 14.89248705452381
COSMOS 2494 (SKRL-756 2)
1 39491U 13078B   22117.14537843  .00002234  00000+0  22455-3 0  9994
2 39491  82.4155 277.2406 0020542 241.9093 118.0050 14.90680785452691
