SCD 1                   
1 22490U 93009B   22116.84643904  .00000420  00000+0  66501-4 0  9995
2 22490  24.9683 173.7970 0042920 351.3831 170.9013 14.44674206542084
TECHSAT 1B (GO-32)      
1 25397U 98043D   22116.84575147  .00000085  00000+0  56946-4 0  9999
2 25397  98.8134  67.1902 0000271 208.8112 151.3051 14.23746356236084
SCD 2                   
1 25504U 98060A   22117.18783722  .00000432  00000+0  71790-4 0  9996
2 25504  24.9970  26.0436 0017156   3.9035 152.7347 14.44186991241788
LANDSAT 7               
1 25682U 99020A   22117.30799949 -.00030624  00000+0 -64460-2 0  9994
2 25682  97.9799 167.2948 0001267 117.7834 309.8916 14.59707290225109
DLR-TUBSAT              
1 25757U 99029B   22117.12100322  .00000123  00000+0  42516-4 0  9996
2 25757  98.4846  59.1924 0013187 275.8691  84.1000 14.51487429213931
TERRA                   
1 25994U 99068A   22117.17820557  .00000390  00000+0  96320-4 0  9994
2 25994  98.1390 190.2675 0001362  98.7036 313.8188 14.57139603189151
MAROC-TUBSAT            
1 27004U 01056D   22116.92130453 -.00000016  00000+0  33210-4 0  9994
2 27004  99.6162 257.3267 0020563  66.4824  46.0235 13.70155430 19083
AQUA                    
1 27424U 02022A   22117.12455220  .00000818  00000+0  19108-3 0  9997
2 27424  98.2440  59.5147 0001894  69.1865 302.0519 14.57230073 62758
IRS-P6 (RESOURCESAT-1)  
1 28051U 03046A   22117.17753567 -.00000507  00000+0 -16247-3 0  9999
2 28051  98.4073 189.5434 0059096 169.0560 191.1966 14.34200530963675
SHIYAN 1 (SY-1)         
1 28220U 04012A   22116.89621152  .00004148  00000+0  32423-3 0  9990
2 28220  97.9797 107.5920 0015762 142.0575 218.1763 15.01574166982466
AURA                    
1 28376U 04026A   22116.85669422  .00000836  00000+0  19557-3 0  9998
2 28376  98.2056  60.9426 0001485  87.5105 272.6264 14.57125638945716
IRS-P5 (CARTOSAT-1)     
1 28649U 05017A   22117.17936689  .00001014  00000+0  12789-3 0  9999
2 28649  97.7233 179.2197 0002334  59.3060 300.8385 14.84047322919150
SINAH 1                 
1 28893U 05043D   22116.84568741  .00000373  00000+0  84296-4 0  9992
2 28893  98.1034 241.4384 0014603 339.0960  20.9642 14.61670812879415
EROS B                  
1 29079U 06014A   22117.14707267  .00015044  00000+0  64400-3 0  9995
2 29079  97.3755 238.7251 0005884 125.2407 356.9181 15.22877697888561
RESURS-DK 1             
1 29228U 06021A   22116.71253044  .00001633  00000+0  12805-3 0  9991
2 29228  69.9348 260.8634 0003693 184.6216 175.4912 15.03099782874600
ARIRANG-2 (KOMPSAT-2)   
1 29268U 06031A   22117.11407562  .00000483  00000+0  10460-3 0  9994
2 29268  97.8968 348.4201 0016764 168.0881 192.0725 14.62256948840391
LAPAN-TUBSAT            
1 29709U 07001A   22117.19130419  .00000592  00000+0  80431-4 0  9991
2 29709  97.9613  80.0876 0014290  65.0289 295.2414 14.82437865826910
CARTOSAT-2 (IRS-P7)     
1 29710U 07001B   22116.82373572  .00020903  00000+0  54917-3 0  9998
2 29710  97.8617 219.4028 0156660 237.9391 120.6552 15.27026618828358
HAIYANG-1B              
1 31113U 07010A   22116.78457819  .00000095  00000+0  52468-4 0  9990
2 31113  98.3238 144.1185 0013918  11.3997 348.7499 14.30306402784387
COSMO-SKYMED 1          
1 31598U 07023A   22117.09378044  .00000956  00000+0  12657-3 0  9999
2 31598  97.8883 301.4945 0001578  88.6102 271.5285 14.82164920805351
TERRASAR-X              
1 31698U 07026A   22117.19771942 -.00001080  00000+0 -48269-4 0  9998
2 31698  97.4448 125.5216 0002431  72.5638 354.2981 15.19144377824343
WORLDVIEW-1 (WV-1)      
1 32060U 07041A   22116.88355404  .00007410  00000+0  30399-3 0  9990
2 32060  97.3858 237.0025 0002778 293.2548  66.8397 15.24528282812615
YAOGAN 3                
1 32289U 07055A   22117.06331000  .00000439  00000+0  63117-4 0  9994
2 32289  97.9530 139.3719 0001304  78.7560 281.3801 14.81253160781430
COSMO-SKYMED 2          
1 32376U 07059A   22117.06004121  .00000158  00000+0  26363-4 0  9996
2 32376  97.8886 301.4618 0001444  95.8785 264.2618 14.82145987778096
RADARSAT-2              
1 32382U 07061A   22117.12306898  .00000191  00000+0  91055-4 0  9996
2 32382  98.5777 124.8055 0001303  89.0395 349.0593 14.29984454749967
CARTOSAT-2A             
1 32783U 08021A   22117.12519485  .00000642  00000+0  94634-4 0  9993
2 32783  97.9701 177.8639 0011922 339.6179  20.4597 14.78683637755436
HUANJING 1A (HJ-1A)     
1 33320U 08041A   22117.09751699  .00000519  00000+0  78863-4 0  9993
2 33320  97.6829 152.5528 0022257  42.1387 318.1542 14.77796567734800
HUANJING 1B (HJ-1B)     
1 33321U 08041B   22117.24229255  .00001192  00000+0  17190-3 0  9992
2 33321  97.7006 156.1522 0035778  58.0547 302.4136 14.77629463734826
GEOEYE 1                
1 33331U 08042A   22117.11985132  .00000514  00000+0  10604-3 0  9993
2 33331  98.1133 192.8362 0010325  79.6257 280.6110 14.64470084728854
THEOS                   
1 33396U 08049A   22117.13409859  .00000169  00000+0  10000-3 0  9996
2 33396  98.7515 185.4410 0001217  93.4069 325.5208 14.20035660703389
COSMO-SKYMED 3          
1 33412U 08054A   22117.11061428  .00000392  00000+0  55742-4 0  9996
2 33412  97.8886 301.5103 0001557  92.8309 267.3073 14.82166339730565
YAOGAN 4                
1 33446U 08061A   22117.10624740  .00000785  00000+0  11743-3 0  9990
2 33446  97.8136  58.8113 0014983 303.8645  56.1139 14.77314172722010
GOSAT (IBUKI)           
1 33492U 09002A   22116.86960552  .00000592  00000+0  11289-3 0  9994
2 33492  98.1078 230.0838 0001525  96.1160 264.0218 14.67526909709655
YAOGAN 6                
1 34839U 09021A   22117.03514592  .00006128  00000+0  21747-3 0  9991
2 34839  97.0789  99.6642 0028369 119.2028 241.2056 15.29012677723390
DEIMOS-1                
1 35681U 09041A   22117.07575532  .00000411  00000+0  72857-4 0  9992
2 35681  97.7209 330.7779 0002633  63.4686 296.6794 14.72017860684212
DUBAISAT-1              
1 35682U 09041B   22117.01806160  .00000874  00000+0  15649-3 0  9999
2 35682  97.7962 272.5824 0010401 232.4744 127.5497 14.69115234682735
OCEANSAT-2              
1 35931U 09051A   22117.03165941 -.00015122  00000+0 -41505-2 0  9997
2 35931  98.2872 212.8651 0003577 259.6747 100.4019 14.47070475666772
WORLDVIEW-2 (WV-2)      
1 35946U 09055A   22117.12122518  .00000138  00000+0  60648-4 0  9990
2 35946  98.4882 192.9076 0002062 121.9562 238.1832 14.37656093658536
SMOS                    
1 36036U 09059A   22116.53440235  .00000254  00000+0  94772-4 0  9992
2 36036  98.4447 304.8075 0001003  95.9968 264.1335 14.39773267655798
YAOGAN 7                
1 36110U 09069A   22117.05473571  .00000378  00000+0  63875-4 0  9990
2 36110  98.2058 336.0908 0024332 209.5300 150.4547 14.75082316666569
TANDEM-X                
1 36605U 10030A   22116.99314118  .00003468  00000+0  16834-3 0  9997
2 36605  97.4444 125.3167 0001663  82.3441 306.4890 15.19140107657059
CARTOSAT-2B             
1 36795U 10035A   22117.16346652  .00000705  00000+0  10310-3 0  9994
2 36795  97.9645 178.0795 0014832  53.6946 306.5638 14.78686011636480
YAOGAN 10               
1 36834U 10038A   22117.13232269  .00000589  00000+0  82463-4 0  9995
2 36834  97.9784 128.1928 0001434  71.6887 288.4487 14.81214922633186
COSMO-SKYMED 4          
1 37216U 10060A   22117.14023170  .00000452  00000+0  63392-4 0  9994
2 37216  97.8883 301.5415 0001317  77.0903 283.0462 14.82158039620656
RESOURCESAT-2           
1 37387U 11015A   22117.10374775  .00000111  00000+0  70401-4 0  9991
2 37387  98.6645 190.5268 0003615 203.2410 156.8612 14.21653065571865
HAIYANG-2A              
1 37781U 11043A   22117.13194847  .00000002  00000+0  45426-4 0  9991
2 37781  99.3184 123.8781 0001073  50.2123 309.9123 13.78734954538561
RASAT                   
1 37791U 11044D   22117.14654162  .00000436  00000+0  90135-4 0  9993
2 37791  98.0924 210.9396 0020595 293.8207  66.0846 14.64968007571607
MEGHA-TROPIQUES         
1 37838U 11058A   22116.76114206  .00000458  00000+0  10917-3 0  9990
2 37838  19.9769 239.1740 0010436  69.7016 290.4509 14.09748980476478
SRMSAT                  
1 37841U 11058D   22116.93080356  .00000408  00000+0  79157-4 0  9998
2 37841  19.9708 206.3514 0011914 137.1295  20.3685 14.10743123544186
YAOGAN 13               
1 37941U 11072A   22117.15913561  .00006317  00000+0  29193-3 0  9992
2 37941  97.6274  66.6336 0001513 139.4824 335.2757 15.20544321577000
PLEIADES 1A             
1 38012U 11076F   22117.20329648  .00000290  00000+0  72166-4 0  9992
2 38012  98.2017 192.8357 0001480  95.5411 264.5965 14.58549061551603
ZIYUAN 1-02C (ZY 1-02C) 
1 38038U 11079A   22117.05502239  .00000222  00000+0  92760-4 0  9992
2 38038  98.5927 181.8973 0008245  63.2699 296.9341 14.35358970542117
ZIYUAN 3-1 (ZY 3-1)     
1 38046U 12001A   22117.19513067  .00006234  00000+0  28182-3 0  9998
2 38046  97.3432 189.3807 0000384  99.2987 345.3863 15.21286148571818
ARIRANG-3 (KOMPSAT-3)   
1 38338U 12025B   22117.24646494  .00000470  00000+0  10344-3 0  9992
2 38338  98.1765  57.8940 0010752 166.7049 193.4443 14.61811732530497
KANOPUS-V 1             
1 38707U 12039A   22117.16779729  .00007986  00000+0  35869-3 0  9994
2 38707  97.4688  39.6180 0001892  85.3131  50.8704 15.21424090541593
EXACTVIEW-1 (ADS-1B)    
1 38709U 12039C   22117.19716009  .00000076  00000+0  53311-4 0  9997
2 38709  99.0127 182.4004 0010684 200.6157 159.4591 14.24092293507446
SPOT 6                  
1 38755U 12047A   22117.15010041  .00000372  00000+0  89732-4 0  9991
2 38755  98.1587 185.0823 0001288  88.9067 271.2298 14.58553882512673
PLEIADES 1B             
1 39019U 12068A   22117.16900755  .00000285  00000+0  71157-4 0  9994
2 39019  98.1968 192.8163 0001583  92.7070 267.4323 14.58563038500451
GOKTURK 2               
1 39030U 12073A   22117.21382560  .00000415  00000+0  72286-4 0  9996
2 39030  97.8627 357.9099 0002218 110.4062 249.7388 14.72881990501810
LANDSAT 8               
1 39084U 13008A   22117.19680296  .00000333  00000+0  84018-4 0  9993
2 39084  98.2251 188.1739 0001145  90.9447 269.1883 14.57122119489533
SARAL                   
1 39086U 13009A   22116.82557635  .00000131  00000+0  65082-4 0  9991
2 39086  98.5480 303.2326 0002252  76.4073 283.7361 14.32033347479098
GAOFEN 1                
1 39150U 13018A   22117.13167639  .00000590  00000+0  91246-4 0  9999
2 39150  97.7911 184.8475 0020601  84.2739 276.0812 14.76608724485168
VNREDSAT 1              
1 39160U 13021B   22117.07330273  .00000521  00000+0  11096-3 0  9991
2 39160  98.0793 193.5342 0001618  91.0829 269.0567 14.62897571479105
ARIRANG-5 (KOMPSAT-5)   
1 39227U 13042A   22117.12230403 -.00000060  00000+0  37153-7 0  9993
2 39227  97.6320 303.4474 0001846  90.9753  48.4535 15.04509879476564
SKYSAT-A                
1 39418U 13066C   22116.60164724  .00001833  00000+0  15269-3 0  9993
2 39418  97.5538 189.9473 0021533  80.3961 279.9694 14.99664263460888
DUBAISAT-2              
1 39419U 13066D   22117.10155233  .00001652  00000+0  15647-3 0  9994
2 39419  97.4506 151.6765 0015212  90.5823 269.7189 14.94796995459528
GPM-CORE                
1 39574U 14009C   22117.23630872  .00020809  00000+0  29227-3 0  9999
2 39574  65.0055   2.7090 0010176 273.5093  86.4889 15.56694675463643
SENTINEL-1A             
1 39634U 14016A   22117.02476118 -.00000021  00000+0  53637-5 0  9991
2 39634  98.1820 125.3033 0001484  77.1776 282.9603 14.59197653429526
KAZEOSAT 1              
1 39731U 14024A   22117.07011850  .00000170  00000+0  65379-4 0  9990
2 39731  98.4654 192.9868 0001305  99.2163 260.9172 14.41997117420684
ALOS-2                  
1 39766U 14029A   22117.13916868  .00000073  00000+0  16597-4 0  9993
2 39766  97.9191 215.0024 0001577  88.4946 271.6370 14.79472441428049
KAZEOSAT 2              
1 40010U 14033A   22117.13225676  .00000499  00000+0  69103-4 0  9995
2 40010  97.7299   4.1406 0013641 244.7543 115.2267 14.82101950424846
HODOYOSHI-4             
1 40011U 14033B   22117.12446944  .00000893  00000+0  11963-3 0  9996
2 40011  97.6853 352.4626 0025056 244.9305 114.9319 14.81579379424494
DEIMOS-2                
1 40013U 14033D   22117.16658382  .00001379  00000+0  16700-3 0  9997
2 40013  97.7645  15.5948 0000898  37.4416 322.6874 14.85209081425584
HODOYOSHI-3             
1 40015U 14033F   22116.91339001  .00000607  00000+0  88474-4 0  9996
2 40015  97.6482 333.4574 0035319 271.1365  88.5800 14.78848856423695
SPOT 7                  
1 40053U 14034A   22117.18525112  .00000288  00000+0  71786-4 0  9992
2 40053  98.1749 185.4615 0001172  88.1645 271.9695 14.58576714416610
SKYSAT-B                
1 40072U 14037D   22117.17841702  .00000752  00000+0  10300-3 0  9991
2 40072  98.4171 343.1287 0007523 115.2428 244.9564 14.81642921421732
WORLDVIEW-3 (WV-3)      
1 40115U 14048A   22117.09519597  .00000833  00000+0  10318-3 0  9995
2 40115  97.8557 192.7447 0000356 189.3169 170.8037 14.85292101417527
GAOFEN 2                
1 40118U 14049A   22117.08010553  .00000896  00000+0  12286-3 0  9991
2 40118  97.7648 187.1803 0008363 116.9413 243.2669 14.80731661415492
YAOGAN 21               
1 40143U 14053A   22117.18480343  .00007220  00000+0  30352-3 0  9995
2 40143  97.3538 185.5280 0017021  45.4731  39.1294 15.23580773424743
YAOGAN 22               
1 40275U 14063A   22117.08140170 -.00000028  00000+0  47166-4 0  9994
2 40275 100.5585 237.7664 0006248   9.7171 350.4059 13.15437258360996
ASNARO                  
1 40298U 14070A   22117.13345411  .00008882  00000+0  42205-3 0  9991
2 40298  97.4670 199.7643 0001580 147.9895 300.6869 15.19446442414409
HODOYOSHI-1             
1 40299U 14070B   22117.14484646  .00006312  00000+0  24520-3 0  9993
2 40299  97.2464 186.7935 0011291 325.6696  88.5563 15.26352937415231
QSAT-EOS                
1 40301U 14070D   22117.13075869  .00020302  00000+0  62174-3 0  9991
2 40301  97.2126 185.8158 0019752 294.9857 149.4687 15.33645683415633
YAOGAN 23               
1 40305U 14071A   22117.12557573  .00007963  00000+0  36408-3 0  9991
2 40305  97.6019  68.0462 0001809  72.3969  59.7594 15.20820975412753
YAOGAN 24               
1 40310U 14072A   22117.06742190  .00000898  00000+0  13686-3 0  9995
2 40310  97.9669 238.1310 0019512  83.1087 277.2307 14.76195168400650
CBERS 4                 
1 40336U 14079A   22117.18115745  .00000099  00000+0  49545-4 0  9990
2 40336  98.4846 191.8447 0000815 110.7141 249.4142 14.35440751387053
RESURS P2               
1 40360U 14087A   22117.21932163  .00006619  00000+0  19077-3 0  9991
2 40360  97.2061 203.1645 0007628 274.5005 137.8581 15.36025472410392
YAOGAN 26               
1 40362U 14088A   22117.15555513  .00007501  00000+0  31672-3 0  9993
2 40362  97.1531 169.2743 0005182 279.7579 165.1474 15.23526556408210
SMAP                    
1 40376U 15003A   22116.88305249  .00000540  00000+0  11357-3 0  9998
2 40376  98.1257 124.4562 0001319  64.2780 295.8558 14.63373969386447
KOMPSAT-3A              
1 40536U 15014A   22117.18166933  .00004587  00000+0  26636-3 0  9998
2 40536  97.5691  60.4535 0000768  78.2806  34.2457 15.12620775391297
SENTINEL-2A             
1 40697U 15028A   22117.07470591  .00000116  00000+0  60991-4 0  9994
2 40697  98.5708 192.5755 0001264  90.1712 269.9612 14.30816698357503
GAOFEN 8                
1 40701U 15030A   22117.21811438  .00009974  00000+0  42069-3 0  9994
2 40701  97.5522 251.4238 0004473 327.8305 152.0385 15.23498464380589
CARBONITE 1 (CBNT-1)    
1 40718U 15032D   22117.18911631  .00001045  00000+0  16119-3 0  9994
2 40718  97.7446 343.7507 0016422 175.4024 184.7344 14.75276188365864
YAOGAN 27               
1 40878U 15040A   22117.06947959 -.00000020  00000+0  58662-4 0  9992
2 40878 100.1352 151.0482 0009172 102.0854 258.1292 13.15978075320270
GAOFEN 9-01             
1 40894U 15047A   22117.08922945  .00000657  00000+0  10119-3 0  9996
2 40894  97.8197 189.0506 0033093  18.7764 341.4669 14.76284011356605
LAPAN-A2                
1 40931U 15052B   22116.71946420  .00001207  00000+0  78804-4 0  9995
2 40931   5.9967 178.1221 0012387 159.0058 201.0795 14.76780796355682
YAOGAN 28               
1 41026U 15064A   22117.16819825  .00007699  00000+0  32562-3 0  9993
2 41026  97.5453 259.5861 0003525 126.8929  45.8301 15.23489734360428
YAOGAN 29               
1 41038U 15069A   22117.12995862  .00001331  00000+0  17953-3 0  9997
2 41038  98.0554 117.0855 0000415 117.9809 242.1441 14.80825647346692
KENT RIDGE 1            
1 41167U 15077B   22116.97037711  .00002674  00000+0  12051-3 0  9996
2 41167  14.9757 224.1194 0011050  23.6601 122.1759 15.09872237351451
TELEOS 1                
1 41169U 15077D   22116.83206684  .00006489  00000+0  32373-3 0  9997
2 41169  14.9788 196.3619 0009785  73.1305 287.0114 15.12466689351698
GAOFEN 4                
1 41194U 15083A   22116.86234285 -.00000349  00000+0  00000+0 0  9991
2 41194   0.0853  76.3382 0006121  99.5540  95.0813  1.00271647 23355
JASON-3                 
1 41240U 16002A   22116.86801270 -.00000057  00000+0  19443-4 0  9991
2 41240  66.0439  36.2148 0008176 273.7048  86.3033 12.80929709293305
SENTINEL-3A             
1 41335U 16011A   22117.14634479  .00000116  00000+0  65800-4 0  9996
2 41335  98.6257 185.1936 0001201 101.1201 259.0115 14.26735390322457
SENTINEL-1B             
1 41456U 16025A   22117.12713058  .00000119  00000+0  35048-4 0  9998
2 41456  98.1820 125.2305 0001415  75.3712 284.7672 14.59199647319705
ZIYUAN 3-2 (ZY 3-2)     
1 41556U 16033A   22117.21542854  .00006029  00000+0  27325-3 0  9996
2 41556  97.5389 185.8617 0004956 109.4780 315.6518 15.21215033328110
NUSAT-1 (FRESCO)        
1 41557U 16033B   22117.23013894  .00016183  00000+0  50444-3 0  9996
2 41557  97.3848 214.9016 0011645 193.4462 196.8310 15.33261766329532
NUSAT-2 (BATATA)        
1 41558U 16033C   22117.14319713  .00015358  00000+0  44956-3 0  9990
2 41558  97.4030 220.2309 0011066 183.0860 294.3339 15.35272244329772
CARTOSAT-2C             
1 41599U 16040A   22117.16112797  .00004563  00000+0  21996-3 0  9993
2 41599  97.4922 177.1982 0013181   6.6428  50.0732 15.19152086324147
SKYSAT-C1               
1 41601U 16040C   22116.49248981  .00011768  00000+0  29950-3 0  9990
2 41601  97.1574 193.1777 0000871 169.9909 190.1355 15.39729916326019
LAPAN-A3                
1 41603U 16040E   22117.17181619  .00001786  00000+0  84584-4 0  9996
2 41603  97.2130 156.4235 0012970 349.3655  96.0112 15.20506120324244
BIROS                   
1 41604U 16040F   22117.11847180  .00004939  00000+0  20710-3 0  9996
2 41604  97.2166 163.4506 0010465 320.9808  39.0674 15.23893563324642
GAOFEN 3                
1 41727U 16049A   22117.12847618  .00000034  00000+0  23408-4 0  9998
2 41727  98.4098 126.1597 0001949  86.7243 273.4172 14.42216996300693
SKYSAT-C4               
1 41771U 16058B   22117.17777186  .00012406  00000+0  31704-3 0  9997
2 41771  97.1236 183.9684 0002440  25.4112 334.7254 15.39588080313073
SKYSAT-C5               
1 41772U 16058C   22117.17831286  .00005950  00000+0  23373-3 0  9999
2 41772  97.2701 182.1216 0001824  90.5784 269.5663 15.26060925311950
SKYSAT-C2               
1 41773U 16058D   22117.14800003  .00011398  00000+0  29146-3 0  9997
2 41773  97.1250 184.3315 0001683  27.0016 333.1317 15.39591548313094
SKYSAT-C3               
1 41774U 16058E   22116.76189651  .00014173  00000+0  32432-3 0  9990
2 41774  97.1243 183.9019 0001776 105.8768 254.2676 15.42905441313024
ALSAT 1B                
1 41785U 16059C   22117.10577768  .00000314  00000+0  60217-4 0  9997
2 41785  97.9154 162.9074 0010732  38.7878 321.4109 14.70016447298277
PATHFINDER 1            
1 41787U 16059E   22117.09129812  .00000467  00000+0  97447-4 0  9994
2 41787  97.9190 162.9247 0030086 331.8565  28.1030 14.63969587298228
SCATSAT 1               
1 41790U 16059H   22116.88702819  .00000243  00000+0  72736-4 0  9994
2 41790  98.3254 161.3746 0005454  17.3153 342.8227 14.50866322295595
GOKTURK 1A              
1 41875U 16073A   22117.04087653  .00000368  00000+0  81387-4 0  9995
2 41875  98.1377  12.6856 0001484  77.8243 282.3129 14.62795016287766
RESOURCESAT-2A          
1 41877U 16074A   22117.21620409  .00000133  00000+0  80483-4 0  9995
2 41877  98.7187 193.0787 0002574 108.8270 251.3193 14.21623347279485
CARTOSAT-2D             
1 41948U 17008A   22116.65793852  .00004607  00000+0  22195-3 0  9997
2 41948  97.4694 176.8978 0007189 142.4954 217.6781 15.19213782287937
SENTINEL-2B             
1 42063U 17013A   22117.10953149  .00000106  00000+0  56867-4 0  9994
2 42063  98.5628 192.5727 0001410  76.2418 283.8925 14.30823738268420
ZHUHAI-1 02 (CAS-4B)    
1 42759U 17034B   22117.12022838  .00005612  00000+0  33836-3 0  9990
2 42759  43.0176 255.5641 0009796 322.5344 206.2857 15.11474842268588
NUSAT-3 (MILANESAT)     
1 42760U 17034C   22117.12710648  .00005867  00000+0  34642-3 0  9993
2 42760  43.0160 250.7156 0009311 343.8836  10.6156 15.12175818268644
ZHUHAI-1 01 (CAS-4A)    
1 42761U 17034D   22117.12902778  .00005466  00000+0  32906-3 0  9997
2 42761  43.0182 254.3392 0010037 323.6052  41.2129 15.11562439268596
CARTOSAT-2E             
1 42767U 17036C   22117.14727942  .00004789  00000+0  23038-3 0  9998
2 42767  97.4588 178.3030 0007886 188.7249 223.6621 15.19240790268577
FORMOSAT-5              
1 42920U 17049A   22116.84981054  .00000105  00000+0  37618-4 0  9993
2 42920  98.2397 195.4798 0011789  54.8792 305.3487 14.50896836247385
SENTINEL-5P             
1 42969U 17064A   22116.80741316  .00000069  00000+0  53656-4 0  9993
2 42969  98.7285  57.2979 0001234  83.4851 276.6465 14.19560666234996
SKYSAT-C11              
1 42987U 17068A   22116.88047462  .00013609  00000+0  36584-3 0  9990
2 42987  97.2831 236.1579 0002086 111.0601 249.0868 15.38012828250463
SKYSAT-C10              
1 42988U 17068B   22117.24635109  .00012902  00000+0  34404-3 0  9997
2 42988  97.2880 236.7069 0002698  46.0716 314.0752 15.38276242250547
SKYSAT-C9               
1 42989U 17068C   22117.23246297  .00012553  00000+0  33384-3 0  9991
2 42989  97.2822 235.8958 0000473  66.2888 293.8407 15.38368050250735
SKYSAT-C8               
1 42990U 17068D   22116.88899240  .00013147  00000+0  35422-3 0  9990
2 42990  97.2890 236.7925 0003010 240.3141 119.7805 15.37949644250510
SKYSAT-C7               
1 42991U 17068E   22116.87350620  .00013691  00000+0  36590-3 0  9995
2 42991  97.2894 236.8316 0001827  86.8451 273.3004 15.38192302250511
SKYSAT-C6               
1 42992U 17068F   22117.12582014  .00013037  00000+0  34771-3 0  9992
2 42992  97.2914 237.4470 0001936  76.1053 284.0407 15.38267851250567
CARTOSAT-2F             
1 43111U 18004A   22117.18566420  .00004430  00000+0  21353-3 0  9995
2 43111  97.4531 178.2893 0003434 202.7570 241.9212 15.19226909237766
NUSAT-4 (ADA)           
1 43195U 18015D   22117.17907612  .00014735  00000+0  51953-3 0  9998
2 43195  97.5262 257.5323 0014753 224.8386 260.6758 15.29270112235391
NUSAT-5 (MARYAM)        
1 43204U 18015K   22117.18562678  .00015142  00000+0  52818-3 0  9993
2 43204  97.5269 258.0809 0014200 226.4793 251.5936 15.29622596235025
GAOFEN 1-02             
1 43259U 18031A   22117.15031041  .00000795  00000+0  12125-3 0  9998
2 43259  97.9005 194.8399 0004343 152.9487 207.1959 14.76543502219572
GAOFEN 1-03             
1 43260U 18031B   22117.19645935  .00000779  00000+0  11886-3 0  9992
2 43260  97.9002 194.8557 0004549 234.2441 125.8363 14.76547892219570
GAOFEN 1-04             
1 43262U 18031D   22117.17184428  .00000784  00000+0  11960-3 0  9996
2 43262  97.9008 194.8623 0004339 176.9236 183.2020 14.76532773219562
SENTINEL-3B             
1 43437U 18039A   22117.18908761  .00000111  00000+0  63816-4 0  9995
2 43437  98.6314 185.2018 0001381  81.9833 278.1504 14.26736958208529
GAOFEN 5-01             
1 43461U 18043A   22116.88163110  .00000444  00000+0  10692-3 0  9996
2 43461  98.2667  57.7149 0003197  91.1514 269.0051 14.57941932211149
GAOFEN 6                
1 43484U 18048A   22117.06809560  .00000687  00000+0  10563-3 0  9999
2 43484  97.9292 198.2959 0010223  20.5480 339.6151 14.76577217210258
GAOFEN 11-1             
1 43585U 18063A   22117.19269097  .00006295  00000+0  26491-3 0  9995
2 43585  97.3206 194.5416 0015183 353.8521  90.1839 15.23623759208585
AEOLUS                  
1 43600U 18066A   22117.10189588  .00116052  00000+0  44430-3 0  9999
2 43600  96.7064 123.8934 0009299 104.3314 255.8992 15.87080076212986
ICESAT-2                
1 43613U 18070A   22116.85498794  .00011106  00000+0  40295-3 0  9990
2 43613  92.0005 244.2611 0000719 139.9014 220.2289 15.28302500201496
HYSIS                   
1 43719U 18096A   22117.00603543  .00001025  00000+0  14674-3 0  9994
2 43719  97.9610 183.6338 0002511  41.7721 318.3689 14.78698982183957
KAZSTSAT                
1 43783U 18099AB  22116.46016387  .00001155  00000+0  11377-3 0  9992
2 43783  97.6338 183.2866 0009603  85.1086 275.1230 14.93906733185046
SAUDISAT 5A             
1 43831U 18102A   22117.22695784  .00003035  00000+0  19579-3 0  9991
2 43831  97.4983 191.5568 0013957   0.9778  63.4801 15.08961552186450
SAUDISAT 5B             
1 43833U 18102C   22117.20286631  .00002559  00000+0  16363-3 0  9996
2 43833  97.5007 192.4230 0015158   7.5097  76.9441 15.09406543186496
GAOFEN 10R              
1 44622U 19066A   22117.07500294  .00001266  00000+0  17062-3 0  9993
2 44622  97.8891  57.1719 0001348  93.3663 266.7732 14.80870374138409
CARTOSAT-3              
1 44804U 19081A   22117.13204059  .00003874  00000+0  18670-3 0  9992
2 44804  97.4023 179.7490 0013873  40.8423  41.2328 15.19230236133848
GAOFEN 12-1             
1 44819U 19082A   22117.02801699  .00000382  00000+0  56979-4 0  9996
2 44819  97.8655 138.4567 0001491  64.5962 295.5420 14.80240832130338
CSG-1                   
1 44873U 19092A   22117.08536705  .00000898  00000+0  11941-3 0  9997
2 44873  97.8892 301.4925 0001558  82.8623 277.2769 14.82154380127492
NUSAT-7 (SOPHIE)        
1 45017U 20003B   22117.10052969  .00013975  00000+0  43050-3 0  9996
2 45017  97.2204 180.0730 0012794 176.3429 206.5040 15.33652687127358
NUSAT-8 (MARIE)         
1 45018U 20003C   22117.07296653  .00017208  00000+0  48637-3 0  9992
2 45018  97.2330 181.4305 0011824 177.3318 247.1073 15.36332654127374
NUSAT-6 (HYPATIA)       
1 46272U 20061A   22117.23915057  .00008777  00000+0  36329-3 0  9999
2 46272  97.3301 189.3030 0005676 247.5909 112.4729 15.24159047 91420
NEMO-HD                 
1 46277U 20061F   22117.21847490  .00003188  00000+0  16367-3 0  9998
2 46277  97.3938 189.0855 0002153  45.2080  21.1381 15.17214392 91093
NUSAT-12 (DOROTHY)      
1 46827U 20079A   22117.10442538  .00017482  00000+0  50069-3 0  9999
2 46827  97.2008 188.2314 0010148 123.4383 297.2959 15.35932052 82222
NUSAT-9 (ALICE)         
1 46828U 20079B   22117.06150559  .00016819  00000+0  47611-3 0  9996
2 46828  97.1864 187.8937 0004380 151.3264 328.0661 15.36348876 82259
NUSAT-11 (CORA)         
1 46829U 20079C   22117.25960286  .00017611  00000+0  49713-3 0  9990
2 46829  97.1938 188.3376 0008210 134.2452 311.2861 15.36403057 82271
NUSAT-15 (KATHERINE)    
1 46830U 20079D   22117.10999164  .00017268  00000+0  48887-3 0  9992
2 46830  97.2083 189.2465 0005617 109.0260 310.1601 15.36335006 82266
NUSAT-14 (HEDY)         
1 46831U 20079E   22117.17570235  .00013517  00000+0  37473-3 0  9996
2 46831  97.2049 189.0823 0009616 119.1304 293.1782 15.37011590 82270
NUSAT-10 (CAROLINE)     
1 46832U 20079F   22117.13465461  .00016265  00000+0  46079-3 0  9992
2 46832  97.2053 188.8731 0009105 133.3144 311.2829 15.36298900 82257
NUSAT-13 (EMMY)         
1 46833U 20079G   22117.06282475  .00016059  00000+0  45742-3 0  9994
2 46833  97.2050 188.8188 0009148 134.2959 344.0106 15.36132087 82246
NUSAT-17 (MARY)         
1 46835U 20079J   22117.14468515  .00016321  00000+0  46870-3 0  9991
2 46835  97.2046 188.6905 0009292 144.6632 299.4907 15.35872226 82248
NUSAT-18 (VERA)         
1 46836U 20079K   22117.07995154  .00016792  00000+0  47578-3 0  9996
2 46836  97.2057 188.9734 0010036 152.2319 301.2578 15.36280012 82253
NUSAT-16 (LISE)         
1 46840U 20079P   22117.23606995  .00017230  00000+0  48909-3 0  9998
2 46840  97.2099 189.1834 0007134 144.8660 299.5220 15.36242580 82272
SENTINEL-6              
1 46984U 20086A   22116.83272208 -.00000061  00000+0  00000+0 0  9997
2 46984  66.0454  36.2425 0007924 266.4067  93.6046 12.80930237 66750
GAOFEN 12-2             
1 48079U 21026A   22117.12504441  .00000436  00000+0  64120-4 0  9992
2 48079  97.8921 108.6604 0001620  82.1692 277.9708 14.80208766 58036
PLEIADES NEO 3          
1 48268U 21034A   22117.20120004 -.00000039  00000+0  16423-5 0  9993
2 48268  97.8916 192.6634 0001354  89.9254 270.2118 14.81672699 53766
NUSAT-19 (ROSALIND)     
1 48905U 21059AC  22117.16932093  .00007475  00000+0  36410-3 0  9998
2 48905  97.4993 247.2724 0008946 249.1818 233.9516 15.18611363 46281
NUSAT-22 (SOFYA)        
1 48919U 21059AS  22117.17699252  .00019596  00000+0  55724-3 0  9997
2 48919  97.3588 248.6659 0013247 213.2063 270.0584 15.36100421 46657
NUSAT-21 (ELISA)        
1 48920U 21059AT  22117.22150646  .00019257  00000+0  54794-3 0  9994
2 48920  97.3448 248.3580 0012988 227.6337 250.5975 15.36087890 46660
NUSAT-20 (GRACE)        
1 48921U 21059AU  22117.19519942  .00019069  00000+0  54257-3 0  9994
2 48921  97.3562 248.6810 0012705 246.9184 233.5908 15.36094988 46650
PLEIADES NEO 4          
1 49070U 21073E   22117.09988796 -.00000107  00000+0 -69409-5 0  9994
2 49070  97.8921 192.5604 0001388  83.4915 276.6408 14.81672778 37469
LANDSAT 9               
1 49260U 21088A   22117.16246226  .00000346  00000+0  86757-4 0  9991
2 49260  98.1892 188.1384 0001739 101.4483 258.6911 14.57113584 30806
CSG-2                   
1 51444U 22008A   22117.05160357  .00000507  00000+0  70253-4 0  9992
2 51444  97.8846 301.4560 0001405  81.9060 278.2314 14.82163809 12603
