SARSAT 7 (NOAA 15)      
1 25338U 98030A   22117.13309684  .00000194  00000+0  99144-4 0  9992
2 25338  98.6492 147.3277 0011581  88.4447 271.8060 14.26113971245957
METEOSAT-8 (MSG-1)      
1 27509U 02040B   22115.98841309  .00000123  00000+0  00000+0 0  9996
2 27509   7.9442  50.9303 0001900 333.1102 227.4112  1.00280107 72089
GPS BIIR-08             
1 27663U 03005A   22116.41646539 -.00000039  00000+0  00000+0 0  9993
2 27663  55.5491 275.1253 0126249  40.8093 320.3377  2.00567561140976
GPS BIIR-11             
1 28190U 04009A   22116.64209590 -.00000070  00000+0  00000+0 0  9996
2 28190  56.0336 336.0850 0089749 117.9037 203.0854  2.00561351132602
GPS BIIR-13             
1 28474U 04045A   22116.70847876 -.00000113  00000+0  00000+0 0  9991
2 28474  55.3336  25.5199 0207371 278.4373 359.4486  2.00566551128096
SARSAT 10 (NOAA 18)     
1 28654U 05018A   22117.21281079  .00000189  00000+0  12577-3 0  9994
2 28654  98.9515 187.6840 0015336 115.4985 244.7774 14.12718663872831
GPS BIIR-14M            
1 28874U 05038A   22116.57249729 -.00000066  00000+0  00000+0 0  9993
2 28874  56.1019 333.5200 0137449 274.3773  15.2262  2.00579500121493
METEOSAT-9 (MSG-2)      
1 28912U 05049B   22116.06097858  .00000117  00000+0  00000+0 0  9992
2 28912   5.9053  66.6195 0000344 323.1075 251.7443  1.00268782 59869
GOES 13                 
1 29155U 06018A   22116.85604904  .00000021  00000+0  00000+0 0  9996
2 29155   0.4694  96.6713 0001250 109.8243  18.1348  1.00273941 28219
GPS BIIR-16M            
1 29601U 06052A   22116.22456232 -.00000037  00000+0  00000+0 0  9998
2 29601  55.5545 274.0687 0084768  72.6987 288.1967  2.00576832113060
GPS BIIR-17M            
1 32260U 07047A   22116.53872657  .00000067  00000+0  00000+0 0  9997
2 32260  53.2991 142.6941 0137862  61.8496 299.6013  2.00551262106473
GPS BIIR-18M            
1 32384U 07062A   22116.61563422 -.00000067  00000+0  00000+0 0  9998
2 32384  56.2193 334.2725 0019094 132.8999  53.6537  2.00558967105173
SARSAT 12 (NOAA 19)     
1 33591U 09005A   22117.13738852  .00000172  00000+0  11793-3 0  9998
2 33591  99.1533 150.1832 0013353 335.9858  24.0689 14.12554105681203
GOES 14                 
1 35491U 09033A   22116.60518206 -.00000107  00000+0  00000+0 0  9994
2 35491   0.1987  92.9643 0011379 125.6520 109.3276  1.00271490 46949
GOES 15                 
1 36411U 10008A   22116.67220730  .00000040  00000+0  00000+0 0  9995
2 36411   0.1715 104.6838 0002379 340.7362 242.9662  1.00276797 44500
GPS BIIF-2              
1 37753U 11036A   22116.57231661 -.00000109  00000+0  00000+0 0  9998
2 37753  56.5834  30.7236 0116116  50.7739 253.1999  2.00565016 78936
GSAT0101 (GALILEO-PFM)  
1 37846U 11060A   22116.04535742 -.00000110  00000+0  00000+0 0  9999
2 37846  56.9772  22.7608 0004219  14.9249 345.0982  1.70475012 65320
GSAT0102 (GALILEO-FM2)  
1 37847U 11060B   22116.85039396 -.00000111  00000+0  00000+0 0  9994
2 37847  56.9787  22.7384 0004696 348.3011 192.3846  1.70475357 65344
LUCH 5A                 
1 37951U 11074B   22116.91141343 -.00000055  00000+0  00000+0 0  9995
2 37951   4.8897  98.6496 0004916 316.1347 295.2074  1.00273451 38025
METEOSAT-10 (MSG-3)     
1 38552U 12035B   22116.84306764  .00000046  00000+0  00000+0 0  9992
2 38552   1.4528  37.8616 0001165 253.3306 236.2838  1.00271428 35691
SARSAT 13 (METOP-B)     
1 38771U 12049A   22117.17250726  .00000111  00000+0  70708-4 0  9993
2 38771  98.7001 177.6722 0001273 139.7601 280.5097 14.21496753498447
GPS BIIF-3              
1 38833U 12053A   22116.63403290 -.00000028  00000+0  00000+0 0  9994
2 38833  53.5329 205.4727 0122637  45.9238 315.1076  2.00561119 69107
GSAT0103 (GALILEO-FM3)  
1 38857U 12055A   22116.08534623  .00000061  00000+0  00000+0 0  9992
2 38857  55.1209 143.1373 0005428 266.5522  93.4519  1.70473655 59210
GSAT0104 (GALILEO-FM4)  
1 38858U 12055B   22116.05555437  .00000061  00000+0  00000+0 0  9996
2 38858  55.1217 143.1395 0003002 265.3853  94.6464  1.70473946 59219
GPS BIIF-4              
1 39166U 13023A   22116.49317701 -.00000063  00000+0  00000+0 0  9996
2 39166  55.7316 329.9156 0103680  37.4559 323.2996  2.00566200 65545
INSAT-3D                
1 39216U 13038B   22116.85763307 -.00000170  00000+0  00000+0 0  9994
2 39216   0.0787  95.7976 0001480 321.1579 188.6795  1.00271800 31938
GPS BIIF-5              
1 39533U 14008A   22116.48928857 -.00000036  00000+0  00000+0 0  9997
2 39533  53.6284 210.9792 0058396 206.7787 152.9378  2.00550745 59345
LUCH 5V                 
1 39727U 14023A   22116.89076951 -.00000282  00000+0  00000+0 0  9996
2 39727   1.3801  74.4546 0003404   2.3507 193.5047  1.00272218 29194
GPS BIIF-6              
1 39741U 14026A   22116.27187074 -.00000108  00000+0  00000+0 0  9993
2 39741  56.5460  30.2611 0028034 306.9319  52.8177  2.00559667 58196
GPS BIIF-7              
1 40105U 14045A   22116.35997306  .00000065  00000+0  00000+0 0  9997
2 40105  54.6792 148.8834 0018722 109.8229 250.4475  2.00574397 55736
GSAT0201 (GALILEO 5)    
1 40128U 14050A   22114.30941376 -.00000080  00000+0  00000+0 0  9995
2 40128  50.3167 334.4384 1629815 122.0604 254.8197  1.85518835 50213
GSAT0202 (GALILEO 6)    
1 40129U 14050B   22116.18759662 -.00000086  00000+0  00000+0 0  9995
2 40129  50.3414 333.4225 1626838 122.9372 253.7743  1.85519541 52419
GPS BIIF-8              
1 40294U 14068A   22116.23656218  .00000014  00000+0  00000+0 0  9996
2 40294  55.7780  89.9966 0038937  52.1821 308.1544  2.00567847 54866
GLONASS-K 2             
1 40315U 14075A   22116.42131381 -.00000040  00000+0  00000+0 0  9998
2 40315  63.7010 242.9903 0017265 206.3507 163.2835  2.13101504 57620
GPS BIIF-9              
1 40534U 15013A   22116.37054914 -.00000046  00000+0  00000+0 0  9990
2 40534  53.7379 266.8512 0068568  20.6204 339.6180  2.00555565 51480
GSAT0203 (GALILEO 7)    
1 40544U 15017A   22115.82624804 -.00000109  00000+0  00000+0 0  9995
2 40544  56.7725  22.8069 0002461 293.3440  66.6405  1.70475541 43408
GSAT0204 (GALILEO 8)    
1 40545U 15017B   22116.07892030 -.00000110  00000+0  00000+0 0  9994
2 40545  56.7784  22.8124 0001672 278.4358  81.5558  1.70475438  6455
GPS BIIF-10             
1 40730U 15033A   22116.53464559 -.00000063  00000+0  00000+0 0  9997
2 40730  55.2314 328.7677 0074131   7.1888 352.9524  2.00554574 49650
METEOSAT-11 (MSG-4)     
1 40732U 15034A   22116.84123606 -.00000021  00000+0  00000+0 0  9993
2 40732   0.2097  32.0808 0000945  51.7401  73.5788  1.00268267 24863
GSAT0205 (GALILEO 9)    
1 40889U 15045A   22115.84597383 -.00000033  00000+0  00000+0 0  9997
2 40889  55.6590 263.4143 0004987  29.3884 330.5914  1.70473767 41211
GSAT0206 (GALILEO 10)   
1 40890U 15045B   22116.06674893 -.00000035  00000+0  00000+0 0  9998
2 40890  55.6581 263.4040 0003100  26.2110 333.7553  1.70473747 41248
GPS BIIF-11             
1 41019U 15062A   22116.58142430  .00000011  00000+0  00000+0 0  9998
2 41019  55.7675  89.8246 0077295 218.5656 140.8649  2.00562817 47499
ELEKTRO-L 2             
1 41105U 15074A   22117.25716293 -.00000126  00000+0  00000+0 0  9994
2 41105   2.8593  88.6772 0001222  19.5781 185.0941  1.00270375 23352
GSAT0209 (GALILEO 12)   
1 41174U 15079A   22116.24162409  .00000062  00000+0  00000+0 0  9995
2 41174  55.1378 142.8361 0005376 300.7843  59.2291  1.70474725 38982
GSAT0208 (GALILEO 11)   
1 41175U 15079B   22115.28790086  .00000058  00000+0  00000+0 0  9992
2 41175  55.1358 142.8611 0004642 299.2282  60.7887  1.70474726 39545
GPS BIIF-12             
1 41328U 16007A   22116.67555581  .00000067  00000+0  00000+0 0  9997
2 41328  54.8982 149.5301 0060884 229.8893 129.6446  2.00572943 45504
GSAT0211 (GALILEO 14)   
1 41549U 16030A   22115.99394509 -.00000034  00000+0  00000+0 0  9998
2 41549  55.8040 263.3335 0003192 349.7619  10.1826  1.70475205 36857
GSAT0210 (GALILEO 13)   
1 41550U 16030B   22115.70002311 -.00000032  00000+0  00000+0 0  9994
2 41550  55.8037 263.3430 0001745 311.7914  48.1462  1.70475405 36860
INSAT-3DR               
1 41752U 16054A   22116.85257422 -.00000092  00000+0  00000+0 0  9992
2 41752   0.1586  95.6083 0010518 184.3491 315.8049  1.00271092 20652
GSAT0207 (GALILEO 15)   
1 41859U 16069A   22115.36116072  .00000057  00000+0  00000+0 0  9996
2 41859  54.7974 143.0548 0005628 289.8530  70.1500  1.70473356 33810
GSAT0212 (GALILEO 16)   
1 41860U 16069B   22116.38774387  .00000062  00000+0  00000+0 0  9996
2 41860  54.7954 143.0240 0004090 305.6139  54.4148  1.70473317 33868
GSAT0213 (GALILEO 17)   
1 41861U 16069C   22116.16661273  .00000061  00000+0  00000+0 0  9991
2 41861  54.7978 143.0352 0005429 272.7033  87.3008  1.70473432 33726
GSAT0214 (GALILEO 18)   
1 41862U 16069D   22116.31368077  .00000061  00000+0  00000+0 0  9995
2 41862  54.7962 143.0256 0004504 275.6752  84.3401  1.70473505 33855
GOES 16                 
1 41866U 16071A   22116.88313140 -.00000262  00000+0  00000+0 0  9999
2 41866   0.0425 278.4096 0000800 158.7772  20.3845  1.00273278 19955
GSAT-17                 
1 42815U 17040B   22116.64460465 -.00000273  00000+0  00000+0 0  9990
2 42815   0.0969  94.1604 0003008 210.7755 235.2228  1.00270455 17622
GSAT0215 (GALILEO 19)   
1 43055U 17079A   22115.63117853 -.00000031  00000+0  00000+0 0  9999
2 43055  55.7798 263.1767 0001121 311.1166  48.8265  1.70474451 27180
GSAT0216 (GALILEO 20)   
1 43056U 17079B   22116.51001627 -.00000038  00000+0  00000+0 0  9996
2 43056  55.7795 263.1522 0002763 293.0888  66.8304  1.70474577 27216
GSAT0217 (GALILEO 21)   
1 43057U 17079C   22114.38392738 -.00000020  00000+0  00000+0 0  9997
2 43057  55.7783 263.2104 0002689 316.9078  43.0295  1.70474431 27163
GSAT0218 (GALILEO 22)   
1 43058U 17079D   22116.36367360 -.00000037  00000+0  00000+0 0  9999
2 43058  55.7780 263.1535 0003119 285.1821  74.7324  1.70474480 27225
GOES 17                 
1 43226U 18022A   22116.67037573  .00000083  00000+0  00000+0 0  9999
2 43226   0.0344 279.3624 0000272 103.5629 295.8540  1.00271594 15255
GSAT0221 (GALILEO 25)   
1 43564U 18060A   22115.08890246 -.00000107  00000+0  00000+0 0  9992
2 43564  57.1551  22.6293 0003667 307.5816  52.3963  1.70475333 23358
GSAT0222 (GALILEO 26)   
1 43565U 18060B   22113.54900036 -.00000101  00000+0  00000+0 0  9995
2 43565  57.1566  22.6714 0003786 317.5604  42.4238  1.70475267 23374
GSAT0219 (GALILEO 23)   
1 43566U 18060C   22116.11590614 -.00000110  00000+0  00000+0 0  9999
2 43566  57.1581  22.6036 0003459 322.2903  37.6965  1.70475371 23392
GSAT0220 (GALILEO 24)   
1 43567U 18060D   22115.74940154 -.00000109  00000+0  00000+0 0  9994
2 43567  57.1577  22.6134 0003338 316.3339  43.6506  1.70475217 23375
BEIDOU-3 M13            
1 43622U 18072A   22116.66610204  .00000063  00000+0  00000+0 0  9999
2 43622  55.4492 113.0923 0009047 287.2397 249.1288  1.86231645 24483
BEIDOU-3 M14            
1 43623U 18072B   22116.54471602  .00000064  00000+0  00000+0 0  9995
2 43623  55.4512 113.0885 0006956 304.4321 240.7882  1.86231643 24484
GPS BIII-1              
1 43873U 18109A   22115.81854927  .00000057  00000+0  00000+0 0  9999
2 43873  55.0782 151.9712 0018510 196.6689 160.3601  2.00568841 24715
METEOR-M2 2             
1 44387U 19038A   22117.12952972  .00000025  00000+0  30258-4 0  9995
2 44387  98.7177  78.3337 0002519  71.6054 288.5402 14.23706677146102
GPS BIII-2              
1 44506U 19056A   22116.63450764 -.00000110  00000+0  00000+0 0  9998
2 44506  55.6558  31.1089 0022282 180.4038 309.1924  2.00571679 19732
BEIDOU-3 M23            
1 44542U 19061A   22116.64900887 -.00000057  00000+0  00000+0 0  9991
2 44542  54.5996 233.8710 0007398 341.4650  18.4836  1.86231172 17620
BEIDOU-3 M24            
1 44543U 19061B   22116.87080931 -.00000057  00000+0  00000+0 0  9996
2 44543  54.5982 233.8315 0004534 337.3438  82.5527  1.86231677 17623
BEIDOU-3 M21            
1 44793U 19078A   22117.21273679 -.00000102  00000+0  10000-3 0  9999
2 44793  54.9889 352.3791 0007387  16.0756 106.4777  1.86232123 16492
BEIDOU-3 M22            
1 44794U 19078B   22115.48081198 -.00000100  00000+0  00000+0 0  9993
2 44794  54.9607 352.4333 0005299  13.7031 299.2459  1.86232444 16454
ELEKTRO-L 3             
1 44903U 19095A   22116.42584288 -.00000112  00000+0  00000+0 0  9990
2 44903   0.1046  89.1845 0001266 329.6152  24.9223  1.00271516  8543
GPS BIII-3              
1 45854U 20041A   22116.79623150  .00000005  00000+0  00000+0 0  9991
2 45854  55.4856  88.3712 0020702 178.6851   4.4802  2.00559600 13703
GPS BIII-4              
1 46826U 20078A   22116.83024659 -.00000047  00000+0  00000+0 0  9992
2 46826  54.6026 272.1877 0017641 183.2691 358.2097  2.00565425 11177
GSAT0223 (GALILEO 27)   
1 49809U 21116A   22115.31072383 -.00000108  00000+0  00000+0 0  9997
2 49809  57.1504  22.5239 0000258  76.8007 103.9256  1.70475316  2372
GSAT0224 (GALILEO 28)   
1 49810U 21116B   22116.29354834 -.00000110  00000+0  00000+0 0  9994
2 49810  57.1520  22.4950 0000911  43.1475 133.2452  1.70475363  2414
