HST                     
1 20580U 90037B   22116.84076576  .00002688  00000+0  14892-3 0  9999
2 20580  28.4692 150.7410 0002612 192.1615 338.6370 15.10340157558670
POLAR                   
1 23802U 96013A   22114.88416438  .00000162  00000+0  00000+0 0  9993
2 23802  78.7546 242.1492 5835564 260.6957  32.5824  1.29846900125190
SWAS                    
1 25560U 98071A   22116.71266867  .00001490  00000+0  14579-3 0  9990
2 25560  69.8967 116.5299 0006229  15.6528 344.4819 14.94582755270556
CXO                     
1 25867U 99040B   22117.80215601  .00000701  00000+0  00000+0 0  9992
2 25867  46.7798 238.7405 8761990 232.1324   0.0443  0.37803654 11613
XMM-NEWTON              
1 25989U 99066A   22106.66494330  .00000009  00000+0  00000+0 0  9996
2 25989  70.2412 305.8618 6129891  87.4900 359.8179  0.50134260 15375
TERRA                   
1 25994U 99068A   22117.17820557  .00000390  00000+0  96320-4 0  9994
2 25994  98.1390 190.2675 0001362  98.7036 313.8188 14.57139603189151
CLUSTER II-FM7 (SAMBA)  
1 26410U 00041A   22119.13411930  .00000352  00000+0  00000+0 0  9993
2 26410 133.9406 347.2889 5539511 198.4321   0.6549  0.44212987 13598
CLUSTER II-FM6 (SALSA)  
1 26411U 00041B   22119.10358239  .00000285  00000+0  00000+0 0  9998
2 26411 135.9069 350.4870 7174411 203.0699   0.5583  0.44218734 13637
CLUSTER II-FM5 (RUMBA)  
1 26463U 00045A   22119.10751451  .00000384  00000+0  00000+0 0  9992
2 26463 139.4785 350.7550 6692780 203.8224   0.5309  0.44218443 13522
CLUSTER II-FM8 (TANGO)  
1 26464U 00045B   22119.11204692  .00000351  00000+0  00000+0 0  9998
2 26464 133.9347 347.2815 5536134 198.4156   0.5434  0.44219357 13606
ODIN                    
1 26702U 01007A   22116.75923753  .00003031  00000+0  19245-3 0  9998
2 26702  97.5241 132.4515 0012458 105.9041 254.3562 15.09557754158478
TIMED                   
1 26998U 01055B   22116.89879440  .00001223  00000+0  13533-3 0  9991
2 26998  74.0748  22.3468 0002251 263.3947  96.6978 14.88584897105334
RHESSI                  
1 27370U 02004A   22116.87506909  .00032413  00000+0  75375-3 0  9993
2 27370  38.0325 323.9043 0005427 140.1135 220.0038 15.41476551118643
INTEGRAL                
1 27540U 02048A   22111.40871446  .00000052  00000+0  00000+0 0  9998
2 27540  73.6309  63.0040 8929725 299.0752 348.9600  0.37585826 20935
CORIOLIS                
1 27640U 03001A   22116.91606109  .00000107  00000+0  71970-4 0  9992
2 27640  98.7195 126.7243 0013144 243.9400 178.1331 14.19119466999665
SORCE                   
1 27651U 03004A   22116.78390537  .00001583  00000+0  17580-3 0  9992
2 27651  39.9941 145.9659 0022196 110.4786 249.8389 14.89761009 45360
MOST                    
1 27843U 03031D   22116.87083478  .00000090  00000+0  62183-4 0  9990
2 27843  98.7092 125.2309 0008988 300.3807  59.6481 14.20675455975921
SCISAT 1                
1 27858U 03036A   22116.84925454  .00000647  00000+0  95695-4 0  9999
2 27858  73.9317 285.9724 0008482 329.0447  31.0226 14.77507641  7812
SWIFT                   
1 28485U 04047A   22116.89966133  .00005450  00000+0  33227-3 0  9992
2 28485  20.5568 312.2201 0010883   6.5526 353.5049 15.06058633955847
CLOUDSAT                
1 29107U 06016A   22116.90057241  .00000399  00000+0  87476-4 0  9998
2 29107  98.3237  76.5836 0004588 101.4329 258.7388 14.62945750851494
CALIPSO                 
1 29108U 06016B   22116.89776205  .00001199  00000+0  24419-3 0  9991
2 29108  98.3209  76.1693 0001362  86.2640 273.8717 14.62844690851501
HINODE (SOLAR-B)        
1 29479U 06041A   22116.79960531  .00000733  00000+0  14627-3 0  9999
2 29479  98.1243 132.6137 0019246  32.5679 327.6707 14.64761482833208
SJ-6C                   
1 29505U 06046A   22117.19048364  .00002341  00000+0  21474-3 0  9995
2 29505  97.7814 138.5482 0003340 306.4784  53.6167 14.95843614845035
SJ-6D                   
1 29506U 06046B   22117.04028062  .00001120  00000+0  11062-3 0  9999
2 29506  97.8017 138.5796 0003272  54.5586 305.5945 14.93940251844467
AGILE                   
1 31135U 07013A   22116.89899132  .00014223  00000+0  34780-3 0  9991
2 31135   2.4663 278.4160 0010274 359.7418   0.2630 15.36776274836393
AIM                     
1 31304U 07015A   22116.82381023  .00009961  00000+0  51012-3 0  9999
2 31304  97.8571  34.1310 0004901 170.6860 189.4463 15.16805827823364
FGRST (GLAST)           
1 33053U 08029A   22116.49880383  .00002008  00000+0  96807-4 0  9991
2 33053  25.5816 161.4082 0011705 298.6415  61.2943 15.12028307765826
WISE                    
1 36119U 09071A   22116.83731964  .00008362  00000+0  26558-3 0  9997
2 36119  97.2453 152.2992 0004183 114.0938 246.0742 15.32884205687592
SDO                     
1 36395U 10005A   22116.50813229 -.00000047  00000+0  00000+0 0  9994
2 36395  31.5562 110.0557 0002065 255.6486 289.8939  1.00273005 44899
CRYOSAT 2               
1 36508U 10013A   22116.90892399  .00000220  00000+0  53743-4 0  9997
2 36508  92.0283 271.5674 0007752  71.8126 288.3924 14.51905066638657
X-SAT                   
1 37389U 11015C   22117.08959568  .00000053  00000+0  40683-4 0  9993
2 37389  98.3408 152.9505 0015458 101.4411 258.8512 14.24415754572895
GCOM-W1 (SHIZUKU)       
1 38337U 12025A   22116.86167448  .00000607  00000+0  14472-3 0  9993
2 38337  98.1994  58.1439 0001798  70.0959 355.3782 14.57106556528807
NUSTAR                  
1 38358U 12031A   22116.81930053  .00003606  00000+0  29787-3 0  9995
2 38358   6.0281  19.3796 0012217 309.3318  50.5729 14.89148670537147
NEOSSAT                 
1 39089U 13009D   22116.49991188  .00000154  00000+0  69496-4 0  9990
2 39089  98.4262 314.0983 0012484  73.8827 286.3732 14.34643571479766
BRITE-AUSTRIA           
1 39091U 13009F   22116.76546734  .00000162  00000+0  71466-4 0  9995
2 39091  98.4099 315.4040 0011641  74.1283 286.1185 14.35254455480010
IRIS                    
1 39197U 13033A   22117.10558607  .00001067  00000+0  15022-3 0  9990
2 39197  97.9706 303.4079 0027163 192.4175 167.6370 14.79146342476405
HISAKI (SPRINT-A)       
1 39253U 13049A   22116.88922869  .00000189  00000+0  17060-3 0  9997
2 39253  29.7216 346.7906 0136818 359.1110   0.9207 13.55273654427140
CASSIOPE                
1 39265U 13055A   22117.09668952  .00017899  00000+0  47775-3 0  9993
2 39265  80.9640 321.7606 0628739 110.3050 256.6832 14.37400042444935
STSAT-3                 
1 39422U 13066G   22116.85921567  .00002416  00000+0  25239-3 0  9997
2 39422  97.4719 124.7914 0024547  93.9834 266.4176 14.90339281458150
SWARM B                 
1 39451U 13067A   22116.87196619  .00003018  00000+0  13774-3 0  9994
2 39451  87.7481  76.7390 0003269  92.7543 267.4076 15.20237634453097
SWARM A                 
1 39452U 13067B   22116.86081074  .00010514  00000+0  19889-3 0  9994
2 39452  87.3603 243.2644 0001938 109.0229 251.1241 15.48239080473977
SWARM C                 
1 39453U 13067C   22116.86069805  .00010528  00000+0  19915-3 0  9998
2 39453  87.3456 242.8408 0001941 109.1487 250.9983 15.48239211473930
BRITE-CA1 (TORONTO)     
1 40020U 14033L   22116.98955892  .00000885  00000+0  15740-3 0  9994
2 40020  97.7726 278.5876 0088210  68.0539 293.0013 14.66974914420239
OCO 2                   
1 40059U 14035A   22116.84577937  .00000532  00000+0  12804-3 0  9990
2 40059  98.1988  58.8646 0001185  97.4668 262.6665 14.57102462415819
BRITE-PL2 (HEWELIUSZ)   
1 40119U 14049B   22116.79968883  .00001461  00000+0  17716-3 0  9999
2 40119  97.8805 212.9696 0018331  54.3919 305.9001 14.85003578416343
RESURS P2               
1 40360U 14087A   22117.21932163  .00006619  00000+0  19077-3 0  9991
2 40360  97.2061 203.1645 0007628 274.5005 137.8581 15.36025472410392
MMS 1                   
1 40482U 15011A   22115.16666667 -.00000379  00000+0  00000+0 0  9999
2 40482  32.7764 107.7230 8627353  48.8474  47.2662  0.28420995 13154
MMS 2                   
1 40483U 15011B   22115.16666667 -.00000380  00000+0  00000+0 0  9992
2 40483  32.7750 107.7294 8628588  48.8412  47.2699  0.28420957 13218
MMS 3                   
1 40484U 15011C   22104.12500000 -.00000344  00000+0  00000+0 0  9995
2 40484  32.6816 107.8451 8599250  48.4643 357.7810  0.28421329 13096
MMS 4                   
1 40485U 15011D   22115.16666667 -.00000379  00000+0  00000+0 0  9992
2 40485  32.7800 107.7320 8627690  48.8316  47.2567  0.28424906 13102
ASTROSAT                
1 40930U 15052A   22117.07147818  .00001631  00000+0  13912-3 0  9997
2 40930   5.9955 184.6784 0008448 151.6801 208.3786 14.76570017355594
DAMPE                   
1 41173U 15078A   22117.20027954  .00001320  00000+0  56732-4 0  9991
2 41173  97.3755 108.7630 0014607  27.5941  29.0719 15.24333876353770
PISAT                   
1 41784U 16059B   22116.87577722  .00000730  00000+0  14786-3 0  9990
2 41784  97.9213 162.2220 0031050 334.9788  24.9908 14.63837889298146
HXMT (HUIYAN)           
1 42758U 17034A   22117.14217593  .00004051  00000+0  25705-3 0  9997
2 42758  43.0181 270.4683 0009869 315.3887  32.7852 15.10140383268416
FLYING LAPTOP           
1 42831U 17042G   22116.87944290  .00001296  00000+0  13388-3 0  9990
2 42831  97.4306 334.3230 0014029 173.8115 186.3294 14.91661015260408
PICSAT                  
1 43132U 18004X   22116.45788499  .00015509  00000+0  53835-3 0  9998
2 43132  97.3741 193.1713 0008629 174.2157 185.9185 15.29830798238454
ZHANGZHENG-1 (CSES)     
1 43194U 18015C   22117.21960946  .00009386  00000+0  42710-3 0  9998
2 43194  97.5139 248.0686 0007968 295.3018 182.3105 15.20903569234839
ICON                    
1 44628U 19068A   22116.75428974  .00002986  00000+0  26324-3 0  9990
2 44628  26.9894 286.4731 0018662 142.5595 217.6266 14.92614670138832
SALSAT                  
1 46495U 20068K   22116.81447450  .00002859  00000+0  20943-3 0  9993
2 46495  97.7260  58.1221 0018711  92.1279 268.2090 15.04229170 86426
IXPE                    
1 49954U 21121A   22116.82168761  .00003650  00000+0  28284-3 0  9999
2 49954   0.2314  41.3879 0011299 255.7883  62.7090 14.91162458 20710
