AMC-1 (GE-1)            
1 24315U 96054A   22116.60601206  .00000054  00000+0  00000+0 0  9999
2 24315   5.4998  73.5753 0003508 323.8429 264.4145  1.00271647 31153
AMC-3 (GE-3)            
1 24936U 97050A   22116.82693229 -.00000271  00000+0  00000+0 0  9997
2 24936   4.4212  79.9452 0003116 323.0739  37.4623  1.00273119 37271
ASTRA 1G                
1 25071U 97076A   22116.62986479  .00000104  00000+0  00000+0 0  9990
2 25071   6.1294  68.6747 0003967 321.7963  70.2657  1.00269793 89341
ASTRA 2A                
1 25462U 98050A   22116.84690524  .00000137  00000+0  00000+0 0  9990
2 25462   3.2778  86.0821 0002483 322.8392 138.8284  1.00276983 31171
AMC-4 (GE-4)            
1 25954U 99060A   22117.20916792  .00000075  00000+0  00000+0 0  9998
2 25954   1.3920  92.3565 0003146 312.3586 110.8578  1.00273106 82329
NSS-11 (AAP-1)          
1 26554U 00059A   22116.80460446  .00000010  00000+0  00000+0 0  9999
2 26554   0.0187  89.6694 0002986 288.6476 302.1127  1.00270314 26123
AMC-6 (GE-6)            
1 26580U 00067A   22116.67002685  .00000090  00000+0  00000+0 0  9997
2 26580   0.0198  60.3322 0002558 338.3026 278.2054  1.00272956 78759
ASTRA 2D                
1 26638U 00081A   22116.55893189  .00000118  00000+0  00000+0 0  9992
2 26638   7.1855  60.6488 0001997 324.7362  54.0060  1.00271249 37740
AMC-8 (GE-8)            
1 26639U 00081B   22116.67081182  .00000075  00000+0  00000+0 0  9990
2 26639   2.3173  89.0978 0002878 313.1384 278.8998  1.00272849 78169
ASTRA 2C                
1 26853U 01025A   22117.18705117 -.00000269  00000+0  00000+0 0  9991
2 26853   4.4470  79.7462 0002696 325.2933 164.9729  1.00273796 76411
ASTRA 3A                
1 27400U 02015B   22116.45989221 -.00000214  00000+0  00000+0 0  9999
2 27400   7.2906  59.5122 0001292 330.2288 263.3837  1.00268605 73553
NSS-7                   
1 27414U 02019A   22116.83451998 -.00000168  00000+0  00000+0 0  9993
2 27414   5.7810  71.7188 0002720 330.9155  92.5853  1.00271449 73404
NSS-6                   
1 27603U 02057A   22116.80748265  .00000095  00000+0  00000+0 0  9996
2 27603   1.4819  92.1322 0003739 316.3589 287.4549  1.00273907 70879
AMC-11 (GE-11)          
1 28252U 04017A   22117.21366378  .00000056  00000+0  00000+0 0  9999
2 28252   0.0045   6.3401 0002555  26.3017 128.4428  1.00270411 65545
AMC-15                  
1 28446U 04041A   22116.96386475 -.00000103  00000+0  00000+0 0  9996
2 28446   0.0564  61.7899 0002651 341.7092  53.3579  1.00271889 64188
NSS-10 (AMC-12)         
1 28526U 05003A   22116.84146751 -.00000262  00000+0  00000+0 0  9998
2 28526   2.6573  87.8627 0003063 297.5753  94.8389  1.00272363 37999
ASTRA 1KR               
1 29055U 06012A   22116.84507366  .00000106  00000+0  00000+0 0  9996
2 29055   0.0164 196.2832 0000627 174.1399 167.8503  1.00278621 30565
AMC-18                  
1 29644U 06054B   22117.07965983 -.00000229  00000+0  00000+0 0  9992
2 29644   0.0037   9.9820 0002603  34.2969 116.4397  1.00269845 56376
ASTRA 1L                
1 31306U 07016A   22116.91685417  .00000106  00000+0  00000+0 0  9995
2 31306   0.0425  28.4626 0003441 324.4503 211.2170  1.00273916 54874
ASTRA 4A (SIRIUS 4)     
1 32299U 07057A   22116.84219546  .00000018  00000+0  00000+0 0  9992
2 32299   0.0286  15.3288 0002915  26.2722 121.2033  1.00273298 36517
AMC-21                  
1 33275U 08038B   22117.22131464  .00000023  00000+0  00000+0 0  9998
2 33275   0.0175 336.1192 0002626  70.6550 123.1776  1.00272110 50308
ASTRA 1M                
1 33436U 08057A   22116.84507366  .00000105  00000+0  00000+0 0  9994
2 33436   0.0941  95.7718 0003442 348.0608  94.3677  1.00272640 30566
CIEL-2                  
1 33453U 08063A   22116.67203287  .00000043  00000+0  00000+0 0  9997
2 33453   0.0481  95.7880 0002849 312.6922 279.2380  1.00272907 48964
NSS-9                   
1 33749U 09008A   22116.80599994  .00000057  00000+0  00000+0 0  9998
2 33749   0.0241 352.0302 0002120  47.5246 288.4388  1.00273116 48366
SES-7 (PROTOSTAR 2)     
1 34941U 09027A   22117.00635927 -.00000359  00000+0  00000+0 0  9990
2 34941   0.0741  85.1284 0000615 226.8437  13.5275  1.00270145 47450
NSS-12                  
1 36032U 09058A   22116.85266163  .00000057  00000+0  00000+0 0  9995
2 36032   0.0302 290.5353 0002821 110.2072 178.0185  1.00272307 45757
SES-1                   
1 36516U 10016A   22116.90674476 -.00000128  00000+0  00000+0 0  9994
2 36516   0.0226  98.6940 0002472 301.0595  40.5479  1.00269506 43877
ASTRA 3B                
1 36581U 10021A   22116.84594583  .00000122  00000+0  00000+0 0  9998
2 36581   0.0901  70.2993 0003985 301.3831 171.1728  1.00270202 43715
SES-3                   
1 37748U 11035A   22117.18253512 -.00000116  00000+0  00000+0 0  9996
2 37748   0.0438  55.1346 0002746 335.6795 147.0452  1.00275476 39532
ASTRA 1N                
1 37775U 11041A   22116.84507366  .00000106  00000+0  00000+0 0  9992
2 37775   0.0980  69.1906 0005570 332.9576 136.0839  1.00273725 29368
SES-2                   
1 37809U 11049A   22117.20842508 -.00000209  00000+0  00000+0 0  9994
2 37809   0.0277 291.1116 0003041 104.0703 168.0104  1.00272212 38838
QUETZSAT 1              
1 37826U 11054A   22116.89563344 -.00000255  00000+0  00000+0 0  9992
2 37826   0.0099  97.0432 0002857 311.5598  51.6868  1.00270962 34733
SES-4                   
1 38087U 12007A   22116.88938104 -.00000182  00000+0  00000+0 0  9999
2 38087   0.0237 301.3508 0002457 104.6645 107.0212  1.00270499 37076
SES-5                   
1 38652U 12036A   22116.98575649  .00000020  00000+0  00000+0 0  9991
2 38652   0.0558 291.9084 0001985 109.0613 173.8294  1.00271989 35908
ASTRA 2F                
1 38778U 12051A   22116.84690524  .00000135  00000+0  00000+0 0  9999
2 38778   0.0474 230.5611 0000632  43.9256 273.3945  1.00270618 35127
SES-6                   
1 39172U 13026A   22117.09724167 -.00000275  00000+0  00000+0 0  9996
2 39172   0.0240 304.7354 0002344  94.1584 170.6625  1.00271822 32555
O3B FM5                 
1 39188U 13031A   22117.08274226 -.00000028  00000+0  00000+0 0  9990
2 39188   0.0396  26.3971 0001725  37.6517 295.9675  4.99968204161474
O3B FM4                 
1 39189U 13031B   22116.14679668 -.00000028  00000+0  00000+0 0  9996
2 39189   0.0624   7.6413 0001757 341.5902  10.7631  5.00116328161360
O3B FM2                 
1 39190U 13031C   22116.59912013 -.00000028  00000+0  00000+0 0  9991
2 39190   0.0674   6.3878 0003769 283.3018  70.2683  5.00116027161436
O3B PFM                 
1 39191U 13031D   22104.88588317 -.00000015  00000+0  00000+0 0  9993
2 39191   0.0447  15.4920 0002611   9.5629 334.9588  5.00115166160868
ASTRA 2E                
1 39285U 13056A   22116.84699247  .00000136  00000+0  00000+0 0  9991
2 39285   0.0708 331.3662 0002108  70.7402 146.1136  1.00271481 31278
SES-8                   
1 39460U 13071A   22116.89076951 -.00000284  00000+0  00000+0 0  9994
2 39460   0.0226 248.7429 0002727 175.9296 205.8583  1.00270574 29263
ASTRA 5B                
1 39617U 14011B   22116.84751576  .00000140  00000+0  00000+0 0  9991
2 39617   0.0562 310.4391 0002841  99.3835 141.5912  1.00273480 29508
O3B FM3                 
1 40079U 14038A   22116.33432803 -.00000028  00000+0  00000+0 0  9993
2 40079   0.0559  11.7973 0004843  39.5273 308.7171  5.00115351137365
O3B FM7                 
1 40080U 14038B   22116.48032954 -.00000028  00000+0  00000+0 0  9994
2 40080   0.0602  13.0638 0001037 346.5837   0.3509  5.00116027142208
O3B FM6                 
1 40081U 14038C   22116.50667355 -.00000028  00000+0  00000+0 0  9997
2 40081   0.0562  10.6972 0002628  26.3958 322.9237  5.00115426142159
O3B FM8                 
1 40082U 14038D   22116.76054953 -.00000028  00000+0  00000+0 0  9990
2 40082   0.0584   8.2606 0002740  26.2676 325.4881  5.00115520142284
O3B FM10                
1 40348U 14083A   22116.78651661 -.00000028  00000+0  00000+0 0  9996
2 40348   0.0472  10.8521 0002612  25.3964 323.7676  5.00115869134233
O3B FM11                
1 40349U 14083B   22116.60009761 -.00000028  00000+0  00000+0 0  9996
2 40349   0.0486  16.2113 0001905  25.6339 318.1679  5.00115267134232
O3B FM12                
1 40350U 14083C   22116.62727135 -.00000028  00000+0  00000+0 0  9992
2 40350   0.0492  15.2996 0002540  25.3648 319.3530  5.00115201134254
O3B FM9                 
1 40351U 14083D   22116.45433529 -.00000028  00000+0  00000+0 0  9995
2 40351   0.0487  17.6513 0002539  18.9966 323.3679  5.00114985134391
ASTRA 2G                
1 40364U 14089A   22116.84690524  .00000135  00000+0  00000+0 0  9996
2 40364   0.0191   9.7380 0004579  44.6905 133.4602  1.00272119 26808
SES-9                   
1 41380U 16013A   22117.00635927 -.00000359  00000+0  00000+0 0  9998
2 41380   0.0153 280.8400 0002039 147.0465 257.6604  1.00271123 22595
SES-10                  
1 42432U 17017A   22116.82797891 -.00000287  00000+0  00000+0 0  9990
2 42432   0.0134 260.5510 0002648 143.7313  41.6933  1.00268786 18560
SES-15                  
1 42709U 17026A   22116.67203287  .00000046  00000+0  00000+0 0  9993
2 42709   0.0273  59.1606 0000890 315.2267 313.0325  1.00265890 19015
SES-11 (ECHOSTAR 105)   
1 42967U 17063A   22116.67682987 -.00000104  00000+0  00000+0 0  9994
2 42967   0.0513  81.3349 0002572 314.7218 317.2853  1.00271707 16550
SES-14                  
1 43175U 18012B   22116.84702178 -.00000293  00000+0  00000+0 0  9994
2 43175   0.0121 291.4555 0000885 110.6463  70.1337  1.00270428 15897
O3B FM15                
1 43231U 18024A   22116.72031910 -.00000028  00000+0  00000+0 0  9992
2 43231   0.0460   6.8206 0002747  33.5143 319.6840  5.00115908 75536
O3B FM16                
1 43232U 18024B   22116.77367092 -.00000028  00000+0  00000+0 0  9991
2 43232   0.0440   2.1740 0002712  38.1053 319.7393  5.00115826 75285
O3B FM14                
1 43233U 18024C   22116.41336890 -.00000028  00000+0  00000+0 0  9995
2 43233   0.0440   0.0436 0002535  38.5029 321.4700  5.00116306 75270
O3B FM13                
1 43234U 18024D   22116.66668748 -.00000028  00000+0  00000+0 0  9993
2 43234   0.0426  49.3555 0002955   8.8379 301.8339  5.00114810 75398
SES-12                  
1 43488U 18049A   22116.64495353 -.00000284  00000+0  00000+0 0  9993
2 43488   0.0186  87.1378 0001358 221.8286 232.8371  1.00268971 14256
O3B FM20                
1 44112U 19020A   22117.03978358 -.00000028  00000+0  00000+0 0  9999
2 44112   0.0478  10.3599 0002526  36.5289 313.1310  5.00115366 55995
O3B FM19                
1 44113U 19020B   22115.86710927 -.00000028  00000+0  00000+0 0  9995
2 44113   0.0332  31.2219 0001956 346.3112 342.4720  5.00114685 55734
O3B FM17                
1 44114U 19020C   22116.74733531 -.00000028  00000+0  00000+0 0  9990
2 44114   0.0593 352.8240 0002796  49.5796 317.6165  5.00115383 55860
O3B FM18                
1 44115U 19020D   22116.49402868 -.00000028  00000+0  00000+0 0  9999
2 44115   0.0475  10.7843 0002819  27.0846 322.1494  5.00115705 55978
SES-17                  
1 49332U 21095A   22115.46395223 -.00000353  00000+0  00000+0 0  9993
2 49332   0.1847 270.5003 0219645 180.5269 221.8271  1.01035063  2664
