ISS (ZARYA)             
1 25544U 98067A   22117.32502152  .00014907  00000+0  27105-3 0  9991
2 25544  51.6433 228.4854 0006291  42.2571  53.9282 15.49736983337294
AEROCUBE 12A            
1 43556U 18046C   22117.17999803  .00021684  00000+0  59617-3 0  9992
2 43556  51.6372  73.4379 0005707 198.5597 161.5179 15.37118017211429
AEROCUBE 12B            
1 43557U 18046D   22117.19058783  .00018229  00000+0  52688-3 0  9990
2 43557  51.6383  77.1959 0006005 197.7191 162.3583 15.35672392211326
LEMUR-2-VU              
1 43558U 18046E   22117.12938152  .00038403  00000+0  87145-3 0  9993
2 43558  51.6391  58.4728 0004054 188.3017 171.7902 15.42666664211611
LEMUR-2-ALEXANDER       
1 43559U 18046F   22117.04967079  .00042936  00000+0  95325-3 0  9990
2 43559  51.6387  57.2189 0004091 183.7355 176.3601 15.43266860211409
LEMUR-2-YUASA           
1 43560U 18046G   22117.10262210  .00040191  00000+0  90832-3 0  9993
2 43560  51.6399  59.0443 0003380 197.9263 162.1604 15.42768788211605
LEMUR-2-TOMHENDERSON    
1 43561U 18046H   22116.25946362  .00034695  00000+0  81823-3 0  9998
2 43561  51.6397  65.3763 0004060 207.5371 152.5400 15.41558897211001
ISS DEB (SEDA-AP)       
1 43870U 98067PU  22116.55154902  .00058814  00000+0  35951-3 0  9996
2 43870  51.6314 139.8637 0005599  50.6912 309.4584 15.76757352190722
ISS DEB                 
1 44303U 98067QA  22117.10830838  .00110237  00000+0  57454-3 0  9999
2 44303  51.6306 162.6418 0008409   5.8919 354.2180 15.80030481165744
ISS DEB                 
1 44306U 98067QD  22116.94499125  .00168296  00000+0  68600-3 0  9996
2 44306  51.6284 159.1042 0009467   8.3029 351.8129 15.85073551165781
RED-EYE 1 (PINOT)       
1 44364U 98067QJ  22116.43323980  .00091623  00000+0  50981-3 0  9991
2 44364  51.6341 167.9249 0009930   0.1199 359.9803 15.78642681161207
RWASAT-1                
1 44790U 98067QV  22115.84795139  .00214845  37608-4  11951-3 0  9993
2 44790  51.6043 163.7661 0000617 310.3437  33.5205 16.18894631138535
STPSAT-4                
1 45043U 98067QY  22116.53321659  .00061320  00000+0  53661-3 0  9997
2 45043  51.6384 202.4137 0006763 358.9034   1.1946 15.68278192127334
1998-067RA              
1 45257U 98067RA  22116.46924104  .00758241  29572-3  10905-2 0  9997
2 45257  51.6246 175.4339 0012036   4.1610 355.9500 16.04664351124353
PHOENIX                 
1 45258U 98067RB  22116.60196389  .00166280  00000+0  76832-3 0  9999
2 45258  51.6321 185.4730 0009791 356.7575   3.3362 15.82432196124203
RADSAT-U                
1 45262U 98067RF  22117.00111624  .01305577  12339-2  10003-2 0  9991
2 45262  51.6271 169.4193 0010465   6.8250 353.2906 16.14505840124495
SORTIE                  
1 45264U 98067RH  22116.78981798  .00077286  00000+0  62202-3 0  9994
2 45264  51.6383 196.6780 0008186   5.7943 354.3148 15.70201281124100
ICS-EF (ISS DEB)        
1 45265U 98067RJ  22116.67314171  .00025382  00000+0  31825-3 0  9995
2 45265  51.6382 213.0791 0005850 354.9424   5.1509 15.59564571123555
RED-EYE 2 (MERLOT)      
1 45800U 98067RM  22116.75359848  .00055610  00000+0  56194-3 0  9992
2 45800  51.6394 206.9397 0004113 344.4234  15.6634 15.64759504105508
RED-EYE 3 (CABERNET)    
1 45809U 98067RN  22116.69017974  .00046231  00000+0  46957-3 0  9990
2 45809  51.6394 207.2680 0004531 341.0136  19.0690 15.64707522104472
SPOC                    
1 46921U 98067RR  22115.39015263  .00147071  00000+0  85190-3 0  9997
2 46921  51.6314 205.2784 0006108 338.8698  21.2049 15.77582861 83573
NEUTRON-1               
1 46923U 98067RT  22116.82425604  .00154620  00000+0  88381-3 0  9995
2 46923  51.6328 198.3672 0006332 341.3712  18.7056 15.77854126 83837
DESCENT                 
1 46927U 98067RX  22116.78891549  .00170779  00000+0  91294-3 0  9999
2 46927  51.6331 198.1221 0006764 340.7688  19.3057 15.79288239 83743
ISS DEB                 
1 47853U 98067RZ  22116.66806731  .00010482  00000+0  17422-3 0  9999
2 47853  51.6413 228.1115 0001939 169.1770 190.9262 15.52667545 63860
RSP-01                  
1 47925U 98067SB  22116.31221513  .00191550  00000+0  10606-2 0  9992
2 47925  51.6334 209.9525 0007000 344.3720  15.7063 15.78444379 63578
TAUSAT-1                
1 47926U 98067SC  22116.30795815  .00812068  31754-3  15448-2 0  9990
2 47926  51.6166 201.5324 0013254 352.4430   7.6378 15.99918071 63671
TSURU                   
1 47927U 98067SD  22117.09604887  .00143778  00000+0  98333-3 0  9992
2 47927  51.6348 208.4402 0005880 345.6064  14.4766 15.73799348 63662
MMSATS-1                
1 47976U 98067SJ  22116.87798067  .00029142  00000+0  40852-3 0  9996
2 47976  51.6393 223.4738 0001250 193.2694 166.8263 15.56515428 62229
TIANHE                  
1 48274U 21035A   22117.19782600  .00026813  00000+0  31998-3 0  9994
2 48274  41.4706 168.9637 0012091 227.4082 234.9181 15.60349744 56807
RAMSAT                  
1 48850U 98067SL  22117.00357045  .00071842  00000+0  76622-3 0  9999
2 48850  51.6383 219.0752 0004075 287.4093  72.6456 15.63283028 49267
BD-28                   
1 48867U 98067SN  22117.14634661  .00080532  00000+0  79151-3 0  9990
2 48867  51.6352 217.0037 0005414 312.9005  47.1535 15.65297251 48056
ISS (NAUKA)             
1 49044U 21066A   22116.34680543  .00014652  00000+0  26684-3 0  9997
2 49044  51.6432 233.3307 0006308  39.1306 355.9844 15.49706802337142
TIANZHOU-3              
1 49222U 21085A   22116.56581414  .00027046  00000+0  32311-3 0  9992
2 49222  41.4717 172.8073 0012139 222.7283 284.8345 15.60316799 56704
FREGAT DEB              
1 49271U 11037PF  22116.40546459  .00030165  00000+0  10889+0 0  9993
2 49271  51.6390  13.8264 0995016 305.4439  45.7392 11.87175141 41002
BINAR-1                 
1 49272U 98067SR  22116.74419406  .00078081  00000+0  86288-3 0  9999
2 49272  51.6373 224.0712 0001514  35.0363 325.0731 15.62343868 31562
MAYA-3                  
1 49273U 98067SS  22116.72573017  .00095954  00000+0  90062-3 0  9990
2 49273  51.6365 222.4469 0002949 357.0987   2.9991 15.66385222 31582
MAYA-4                  
1 49274U 98067ST  22116.73710314  .00096204  00000+0  91113-3 0  9992
2 49274  51.6362 222.5203 0003020 358.2485   1.8499 15.66159732 31580
CUAVA-1                 
1 49275U 98067SU  22117.10897396  .00104641  00000+0  10562-2 0  9994
2 49275  51.6381 221.1186 0001101   9.9910  50.9052 15.64527481 31586
CAPSAT                  
1 49276U 98067SV  22116.85785625  .00085803  00000+0  94321-3 0  9991
2 49276  51.6395 224.0877 0000779  33.4745 326.6298 15.62440333 30637
1998-067SW              
1 49277U 98067SW  22117.11403000  .00091983  00000+0  95127-3 0  9997
2 49277  51.6332 222.0094 0001314  26.9965 333.1098 15.63969283 30659
PROGRESS-MS 18          
1 49379U 21098A   22116.34680543  .00014652  00000+0  26684-3 0  9993
2 49379  51.6432 233.3307 0006308  39.1306 355.9844 15.49706802337143
CREW DRAGON 3           
1 49407U 21103A   22116.34680543  .00014652  00000+0  26684-3 0  9992
2 49407  51.6432 233.3307 0006308  39.1306 355.9844 15.49706802337145
GASPACS                 
1 51439U 98067TB  22117.18925045  .00297063  00000+0  20293-2 0  9993
2 51439  51.6335 223.2750 0014061 347.1779  12.8860 15.73250611 14177
1998-067TC              
1 51440U 98067TC  22116.71644525  .01083684  52368-3  32458-2 0  9991
2 51440  51.6298 223.0919 0019221 344.2836  15.7571 15.91464526 14192
1998-067TD              
1 51441U 98067TD  22116.73460405  .00055597  00000+0  76732-3 0  9994
2 51441  51.6391 229.2540 0007509  23.7752 336.3586 15.56603935 14106
PATCOOL                 
1 51442U 98067TE  22116.53081641  .00046232  00000+0  63407-3 0  9995
2 51442  51.6386 230.1398 0007326  28.1942 331.9446 15.56854684 14037
DAILI                   
1 51443U 98067TF  22116.91582027  .00182056  00000+0  17023-2 0  9999
2 51443  51.6365 225.9601 0011780 357.1031   2.9894 15.66074511 14088
LIGHT-1                 
1 51509U 98067TG  22117.02871487  .00045776  00000+0  66311-3 0  9998
2 51509  51.6405 228.2173 0009666  24.2055 335.9389 15.55356059 12886
GT-1                    
1 51510U 98067TH  22116.89850757  .00194348  00000+0  18306-2 0  9991
2 51510  51.6360 226.5879 0011921 351.8339   8.2460 15.65848238 12913
PROGRESS-MS 19          
1 51660U 22014A   22116.34680543  .00014652  00000+0  26684-3 0  9998
2 51660  51.6432 233.3307 0006308  39.1306 355.9844 15.49706802337149
CYGNUS NG-17            
1 51712U 22015A   22116.34680543  .00014652  00000+0  26684-3 0  9997
2 51712  51.6432 233.3307 0006308  39.1306 355.9844 15.49706802337147
SOYUZ-MS 21             
1 52086U 22028A   22116.34680543  .00014652  00000+0  26684-3 0  9996
2 52086  51.6432 233.3307 0006308  39.1306 355.9844 15.49706802337142
IHI-SAT                 
1 52147U 98067TJ  22116.88530354  .00042098  00000+0  67105-3 0  9991
2 52147  51.6401 230.2546 0003239  72.7399 287.3946 15.52807352  5297
KITSUNE                 
1 52148U 98067TK  22117.05886101  .00031617  00000+0  52469-3 0  9998
2 52148  51.6436 229.5509 0003419  65.6465 106.6633 15.51821909  5256
ISS DEB                 
1 52149U 98067TL  22087.84009897  .00123749  00000+0  20830-2 0  9995
2 52149  51.6428  14.5209 0003365 304.2199  55.8471 15.50790771   625
OBJECT A                
1 52318U 22042A   22117.34516095 -.00003809  12042-4  00000+0 0  9998
2 52318  51.6455 228.5877 0015472   2.7452 109.4366 16.26952683    02
