LEMUR-1                 
1 40044U 14033AL  22116.78471359  .00000987  00000+0  15121-3 0  9995
2 40044  97.6599 308.1111 0057734 327.7567  32.0118 14.74724569421862
LEMUR-2-XIAOQING        
1 41871U 16062C   22116.08594486  .00024454  00000+0  71770-3 0  9995
2 41871  51.6360 246.3197 0003083 117.0340 243.0958 15.35009779301906
LEMUR-2-SOKOLSKY        
1 41872U 16062D   22117.09525952  .00030240  00000+0  88558-3 0  9992
2 41872  51.6798 250.9091 0002799 255.3290 104.7383 15.34963394302029
LEMUR-2-ANUBHAVTHAKUR   
1 41873U 16062E   22116.80183745  .00010558  00000+0  40638-3 0  9998
2 41873  51.6823 287.6945 0008132  97.7589 262.4314 15.26883913301440
LEMUR-2-WINGO           
1 41874U 16062F   22116.66844534  .00022766  00000+0  68844-3 0  9996
2 41874  51.6479 253.0557 0009458  28.8613 331.2891 15.34073198301876
LEMUR-2-JOBANPUTRA      
1 41991U 17008AV  22117.17685697  .00016729  00000+0  57301-3 0  9995
2 41991  97.2654 179.6496 0007425  69.1444 291.0592 15.30254857288339
LEMUR-2-SPIRE-MINIONS   
1 41992U 17008AW  22117.14656003  .00022449  00000+0  69234-3 0  9996
2 41992  97.2729 183.4808 0006506  63.0246 297.1661 15.33575711288540
LEMUR-2-SATCHMO         
1 41993U 17008AX  22117.14104660  .00014897  00000+0  51122-3 0  9999
2 41993  97.2665 180.1723 0007621  68.9641 291.2415 15.30217306288364
LEMUR-2-SMITA-SHARAD    
1 41994U 17008AY  22117.13083842  .00025068  00000+0  77286-3 0  9998
2 41994  97.2718 183.2507 0006602  60.8698 299.3204 15.33563381288533
LEMUR-2-RDEATON         
1 41995U 17008AZ  22117.17349615  .00015116  00000+0  51897-3 0  9999
2 41995  97.2680 180.4090 0008808  79.3375 280.8857 15.30189918289059
LEMUR-2-TACHIKOMA       
1 41996U 17008BA  22117.12604897  .00024438  00000+0  76151-3 0  9998
2 41996  97.2765 183.4972 0007634  75.4695 284.7394 15.33222067288418
LEMUR-2-NOGUECORREIG    
1 41997U 17008BB  22116.45932843  .00020468  00000+0  62988-3 0  9991
2 41997  97.2745 183.2675 0007738  75.3896 284.8205 15.33654363288445
LEMUR-2-MIA-GRACE       
1 41998U 17008BC  22117.16503682  .00013515  00000+0  46674-3 0  9995
2 41998  97.2671 180.0326 0008693  80.6857 279.5366 15.30025954288274
LEMUR-2-ANGELA          
1 42752U 17019B   22117.05260502  .00028126  00000+0  70903-3 0  9991
2 42752  51.6351 132.3764 0005458 242.0583 117.9849 15.39639594273257
LEMUR-2-JENNYBARNA      
1 42753U 17019C   22117.18635761  .00045658  00000+0  90707-3 0  9992
2 42753  51.6326 110.3775 0002955 273.1914  86.8735 15.46510865273514
LEMUR-2-ROBMOORE        
1 42754U 17019D   22116.96552851  .00021011  00000+0  53285-3 0  9993
2 42754  51.6351 133.9998 0005321 246.2661 113.7766 15.39630707273201
LEMUR-2-SPIROVISION     
1 42755U 17019E   22117.18632650  .00045852  00000+0  92061-3 0  9999
2 42755  51.6361 110.7703 0003380 274.9766 190.0886 15.46200390273421
LEMUR-2-SHAINAJOHL      
1 42771U 17036G   22117.06538499  .00019223  00000+0  68910-3 0  9998
2 42771  97.2089 160.3043 0013827 136.0988 224.1354 15.28672767269134
LEMUR-2-XUENITERENCE    
1 42772U 17036H   22116.86266045  .00023702  00000+0  82783-3 0  9992
2 42772  97.2034 160.1692 0013219 134.4777 225.7547 15.29489714269136
LEMUR-2-LUCYBRYCE       
1 42773U 17036J   22116.86129395  .00013901  00000+0  52878-3 0  9991
2 42773  97.2143 160.5867 0013916 136.2054 224.0292 15.26783960269099
LEMUR-2-KUNGFOO         
1 42774U 17036K   22116.35763938  .00015626  00000+0  55704-3 0  9990
2 42774  97.2082 160.0313 0013253 136.4852 223.7436 15.28907717269046
LEMUR-2-LYNSEY-SYMO     
1 42779U 17036Q   22117.12190775  .00023508  00000+0  78149-3 0  9990
2 42779  97.2130 164.8729 0011618 133.4157 226.8053 15.31114091269381
LEMUR-2-LISASAURUS      
1 42780U 17036R   22116.86794335  .00021874  00000+0  79890-3 0  9992
2 42780  97.2130 161.7159 0011920 141.2079 219.0019 15.28058553269171
LEMUR-2-SAM-AMELIA      
1 42781U 17036S   22116.39828337  .00012356  00000+0  46100-3 0  9994
2 42781  97.2148 162.1669 0012230 140.1896 220.0243 15.27474838269136
LEMUR-2-MCPEAKE         
1 42782U 17036T   22116.88510688  .00017964  00000+0  61848-3 0  9992
2 42782  97.2091 163.2264 0011375 136.9103 223.3031 15.30035181269274
LEMUR-2-GREENBERG       
1 42837U 17042N   22116.47195113  .00002900  00000+0  28135-3 0  9993
2 42837  97.4356 336.9106 0013030 165.7658 194.3933 14.93324655260511
LEMUR-2-ANDIS           
1 42838U 17042P   22116.87091407  .00003412  00000+0  33006-3 0  9991
2 42838  97.4346 337.2423 0013183 164.2786 195.8847 14.93331024260576
LEMUR-2-MONSON          
1 42839U 17042Q   22117.15069128  .00003440  00000+0  33443-3 0  9995
2 42839  97.4356 337.2819 0012986 162.8047 197.3615 14.93124564260592
LEMUR-2-FURIAUS         
1 42840U 17042R   22116.84595114  .00001729  00000+0  17161-3 0  9998
2 42840  97.4385 337.3617 0013121 164.4017 195.7610 14.92892189260557
LEMUR-2-PETERG          
1 42841U 17042S   22116.85151647  .00001856  00000+0  18150-3 0  9999
2 42841  97.4412 338.3442 0012633 159.7887 200.3836 14.93427069260617
LEMUR-2-DEMBITZ         
1 42842U 17042T   22116.44066817  .00002815  00000+0  27161-3 0  9997
2 42842  97.4396 337.8168 0012813 161.8572 198.3109 14.93562565260556
LEMUR-2-ZACHARY         
1 42845U 17042W   22116.86393955  .00003896  00000+0  36899-3 0  9990
2 42845  97.4286 337.4346 0012915 163.0124 197.1532 14.94089482260652
LEMUR-2-ARTFISCHER      
1 42881U 17042BJ  22117.10270956  .00151445  00000+0  12367-2 0  9990
2 42881  96.8069 319.2113 0003926 338.1962  21.9134 15.70114083268999
LEMUR-2-MCCAFFERTY      
1 43123U 18004N   22116.63912641  .00021897  00000+0  68007-3 0  9990
2 43123  97.3787 196.0503 0008501 166.4295 193.7178 15.33345433238639
LEMUR-2-PETERWEBSTER    
1 43124U 18004P   22116.44295033  .00022247  00000+0  70438-3 0  9990
2 43124  97.3790 195.5822 0008474 166.4140 193.7332 15.32727206238587
LEMUR-2-BROWNCOW        
1 43125U 18004Q   22116.46568290  .00029036  00000+0  87475-3 0  9993
2 43125  97.3840 197.0222 0008511 162.6690 197.4845 15.34254873238661
LEMUR-2-DAVEWILSON      
1 43126U 18004R   22117.18952501  .00026277  00000+0  78085-3 0  9997
2 43126  97.3827 197.5204 0008222 160.2047 199.9517 15.34711665238762
LEMUR-2-MARSHALL        
1 43165U 18010C   22117.03136994  .00022466  00000+0  83501-3 0  9996
2 43165  82.9116 115.6239 0028455 151.0958 209.1865 15.27017888236636
LEMUR-2-TALLHAMN-ATC    
1 43167U 18010E   22116.44406015  .00014963  00000+0  61464-3 0  9993
2 43167  82.9149 121.9120 0022207 174.3150 185.8345 15.23846954236198
LEMUR-2-JIN-LUEN        
1 43182U 18014C   22117.18994982  .00005709  00000+0  48006-3 0  9996
2 43182  97.6493  21.9708 0014287 111.3187 248.9562 14.98583025231219
LEMUR-2-URAMCHANSOL     
1 43183U 18014D   22116.53035451  .00004707  00000+0  39679-3 0  9995
2 43183  97.6505  21.5241 0014659 113.8510 246.4251 14.98567833231129
LEMUR-2-KADI            
1 43184U 18014E   22116.62195816  .00004536  00000+0  38460-3 0  9995
2 43184  97.6522  21.5481 0015588 111.9064 248.3818 14.98354888231135
LEMUR-2-THENICKMOLO     
1 43185U 18014F   22116.52977555  .00004289  00000+0  36337-3 0  9999
2 43185  97.6516  21.6356 0014345 114.8539 245.4177 14.98427739231121
LEMUR-2-VU              
1 43558U 18046E   22117.12938152  .00038403  00000+0  87145-3 0  9993
2 43558  51.6391  58.4728 0004054 188.3017 171.7902 15.42666664211611
LEMUR-2-ALEXANDER       
1 43559U 18046F   22117.04967079  .00042936  00000+0  95325-3 0  9990
2 43559  51.6387  57.2189 0004091 183.7355 176.3601 15.43266860211409
LEMUR-2-YUASA           
1 43560U 18046G   22117.10262210  .00040191  00000+0  90832-3 0  9993
2 43560  51.6399  59.0443 0003380 197.9263 162.1604 15.42768788211605
LEMUR-2-TOMHENDERSON    
1 43561U 18046H   22116.25946362  .00034695  00000+0  81823-3 0  9998
2 43561  51.6397  65.3763 0004060 207.5371 152.5400 15.41558897211001
LEMUR-2-ZUPANSKI        
1 43695U 18088F   22116.89992321  .00014160  00000+0  52983-3 0  9998
2 43695  85.0311 347.9963 0013212 335.8611  24.2013 15.27108045192034
LEMUR-2-CHANUSIAK       
1 43697U 18088H   22116.36965330  .00012873  00000+0  46838-3 0  9993
2 43697  85.0373 348.3710 0011182 315.6857  44.3492 15.28048158192067
LEMUR-2-ORZULAK         
1 43731U 18096N   22116.47673172  .00035307  00000+0  89448-3 0  9994
2 43731  97.3646 200.9639 0015790 230.1279 129.8579 15.39515179190243
LEMUR-2-KOBYSZCZE       
1 43732U 18096P   22116.49278677  .00032563  00000+0  82003-3 0  9999
2 43732  97.3665 201.3617 0015933 228.5185 131.4694 15.39713186190269
LEMUR-2-DULY            
1 43745U 18096AC  22117.16619839  .00037888  00000+0  97071-3 0  9993
2 43745  97.3653 201.8830 0015969 226.1676 133.8250 15.39153958190371
LEMUR-2-VLADIMIR        
1 43746U 18096AD  22117.17095728  .00042033  00000+0  10240-2 0  9990
2 43746  97.3648 202.3061 0015862 226.4683 133.5246 15.40668034190427
LEMUR-2-CHRISTINAHOLT   
1 43882U 18111G   22117.18802275  .00005304  00000+0  44343-3 0  9995
2 43882  97.6757  25.5944 0011997 123.5644 236.6726 14.98863560180088
LEMUR-2-TINYKEV         
1 43883U 18111H   22116.45882256  .00004545  00000+0  38048-3 0  9993
2 43883  97.6757  25.0433 0011613 127.8245 232.4030 14.98888658181983
LEMUR-2-REMY-COLTON     
1 43884U 18111J   22117.17024127  .00006729  00000+0  55549-3 0  9990
2 43884  97.6820  26.1510 0013066 119.5114 240.7413 14.99246917180118
LEMUR-2-GUSTAVO         
1 43885U 18111K   22117.18056560  .00004700  00000+0  39326-3 0  9990
2 43885  97.6794  25.9126 0012246 119.4449 240.7998 14.98885983180094
LEMUR-2-ZO              
1 43886U 18111L   22116.50855751  .00004663  00000+0  38933-3 0  9996
2 43886  97.6811  25.5039 0012672 119.6582 240.5905 14.98973209182005
LEMUR-2-NATALIEMURRAY   
1 43887U 18111M   22116.54495445  .00004763  00000+0  39643-3 0  9991
2 43887  97.6778  25.8039 0012624 125.8816 234.3581 14.99085126182023
LEMUR-2-SARAHBETTYBOO   
1 43888U 18111N   22117.17541114  .00005501  00000+0  45611-3 0  9990
2 43888  97.6835  26.6458 0013060 114.8028 245.4555 14.99157331182123
LEMUR-2-DAISY-HARPER    
1 43889U 18111P   22116.50999347  .00004902  00000+0  40657-3 0  9991
2 43889  97.6843  26.1621 0012938 116.1489 244.1066 14.99201161182022
LEMUR-2-JOHANLORAN      
1 44084U 19018G   22116.42828334  .00026114  00000+0  82667-3 0  9990
2 44084  97.3201 178.5778 0008958 291.4752  68.5535 15.32694874170804
LEMUR-2-BEAUDACIOUS     
1 44085U 19018H   22117.11692087  .00020223  00000+0  68088-3 0  9998
2 44085  97.3188 178.5208 0009519 296.1999  63.8263 15.30758220170851
LEMUR-2-ELHAM           
1 44086U 19018J   22117.12588116  .00025782  00000+0  83565-3 0  9999
2 44086  97.3226 179.6106 0009415 289.6114  70.4111 15.31937477170912
LEMUR-2-VICTOR-ANDREW   
1 44087U 19018K   22117.16023125  .00031222  00000+0  97420-3 0  9999
2 44087  97.3224 179.8882 0008796 288.6546  71.3741 15.33121965170944
LEMUR-2-LILLYJO         
1 44396U 19038L   22116.91383649  .00016842  00000+0  83094-3 0  9999
2 44396  97.6168  85.9530 0019821 308.2168  51.7280 15.17808707155259
LEMUR-2-WANLI           
1 44402U 19038S   22116.89481905  .00014680  00000+0  73711-3 0  9991
2 44402  97.6186  85.7781 0020244 309.5374  50.4069 15.17218523155248
LEMUR-2-MORAG           
1 44403U 19038T   22116.88604536  .00013548  00000+0  67140-3 0  9999
2 44403  97.6222  86.5649 0019370 312.2376  47.7213 15.17712825155269
LEMUR-2-DUSTINTHEWIND   
1 44405U 19038V   22116.88856014  .00013773  00000+0  69440-3 0  9996
2 44405  97.6180  85.6582 0020259 308.5975  51.3443 15.17089664155243
LEMUR-2-ALEX-MADDY      
1 44407U 19038X   22116.91020473  .00011287  00000+0  58926-3 0  9999
2 44407  97.6258  85.7496 0020057 316.2577  43.7065 15.15916718155192
LEMUR-2-EJATTA          
1 44409U 19038Z   22116.90012726  .00016458  00000+0  80381-3 0  9997
2 44409  97.6162  86.1816 0019490 306.2428  53.7004 15.18172909155285
LEMUR-2-GREGROBINSON    
1 44411U 19038AB  22116.87465496  .00013724  00000+0  68357-3 0  9994
2 44411  97.6231  86.5406 0019439 313.8185  46.1440 15.17531232154928
LEMUR-2-YNDRD           
1 44413U 19038AD  22116.85775869  .00011567  00000+0  60673-3 0  9998
2 44413  97.6249  85.5398 0020175 316.3512  43.6124 15.15743089155193
LEMUR-2-JPGSQUARED      
1 44855U 19089D   22116.80397586  .00010745  00000+0  81430-3 0  9996
2 44855  36.9666  45.4329 0005424 180.1938 179.8803 15.01747706130240
LEMUR-2-HIMOMANDDAD     
1 44860U 19089J   22116.90080910  .00009650  00000+0  73477-3 0  9998
2 44860  36.9666  46.1849 0005511 173.3728 186.7088 15.01606128130232
LEMUR-2-PAPPY           
1 44861U 19089K   22116.88142288  .00009479  00000+0  72245-3 0  9994
2 44861  36.9664  46.0211 0005630 174.2004 185.8805 15.01575204130183
LEMUR-2-THEODOSIA       
1 44863U 19089M   22116.91311070  .00010678  00000+0  81021-3 0  9992
2 44863  36.9661  45.3336 0005703 179.1586 180.9167 15.01702377130104
LEMUR-2-ETHANOAKES      
1 46298U 20061AC  22117.20359724  .00015039  00000+0  79732-3 0  9991
2 46298  97.4533 189.6670 0001803  84.1414 276.0024 15.15469404 90743
LEMUR-2-OSCARLATOR      
1 46299U 20061AD  22116.41642408  .00015168  00000+0  80097-3 0  9997
2 46299  97.4532 188.9051 0001635  84.7887 275.3532 15.15606817 90658
LEMUR-2-SCHMIDTFALL     
1 46315U 20061AV  22116.45121930  .00014186  00000+0  74069-3 0  9993
2 46315  97.4543 189.3422 0001701  34.9053 325.2291 15.16022850 90727
LEMUR-2-DJUPROERA       
1 46316U 20061AW  22116.48077659  .00016726  00000+0  86409-3 0  9998
2 46316  97.4534 189.4122 0001657  24.2179 335.9131 15.16361855 90730
LEMUR-2-SQUAREJAWS      
1 46317U 20061AX  22117.15265656  .00016996  00000+0  88021-3 0  9991
2 46317  97.4533 190.0564 0001489  21.9380 338.1916 15.16270216 90847
LEMUR-2-URSA-AVION      
1 46318U 20061AY  22117.14651442  .00016745  00000+0  86835-3 0  9996
2 46318  97.4531 190.0608 0001468  14.6502 345.4773 15.16226845 90848
LEMUR-2-SLICERS         
1 46500U 20068Q   22116.37089279  .00009907  00000+0  70682-3 0  9998
2 46500  97.7185  56.9375 0013854 106.3446 253.9305 15.04670724 86270
LEMUR-2-DAYWZAGOODDAY   
1 46501U 20068R   22116.39237363  .00008929  00000+0  63126-3 0  9998
2 46501  97.7182  57.0880 0014394 105.7170 254.5660 15.05035241 86279
LEMUR-2-SUSURRUS        
1 46502U 20068S   22116.83723429  .00010920  00000+0  77830-3 0  9992
2 46502  97.7192  57.3903 0012822 104.4898 255.7756 15.04691677 86344
LEMUR-2-NICHOL          
1 46503U 20068T   22116.39574684  .00008162  00000+0  58174-3 0  9996
2 46503  97.7180  56.8935 0014061 111.6612 248.6118 15.04762604 86276
LEMUR-2-OZARAK          
1 46908U 20081D   22117.21808848  .00007866  00000+0  60893-3 0  9995
2 46908  36.8975 168.5052 0007506   5.4576 354.6248 15.01043000 80463
LEMUR-2-JINDRA          
1 46909U 20081E   22116.82981931  .00009008  00000+0  68968-3 0  9998
2 46909  36.8973 170.0414 0007697   8.4521 351.6353 15.01404510 80423
LEMUR-2-WALLACE         
1 46910U 20081F   22117.23398622  .00008425  00000+0  64725-3 0  9994
2 46910  36.9002 167.7054 0007754  12.3543 347.7362 15.01305064 80479
LEMUR-2-JEREMIAH        
1 46911U 20081G   22116.21272967  .00007640  00000+0  58699-3 0  9996
2 46911  36.9004 173.4550 0007742   3.5592 356.5206 15.01342649 80330
LEMUR-2-NEVA            
1 47450U 21006AP  22116.44491268  .00012619  00000+0  65783-3 0  9999
2 47450  97.4507 177.0795 0012744 102.4707 257.7953 15.16036709 69415
LEMUR-2-SAOIRSEDH5GUO   
1 47453U 21006AS  22116.45006465  .00013890  00000+0  72447-3 0  9991
2 47453  97.4529 177.0936 0011321 103.7518 256.4976 15.16012262 69401
LEMUR-2-NALLYWACKER     
1 47457U 21006AW  22116.12473002  .00012743  00000+0  66134-3 0  9996
2 47457  97.4502 176.7597 0012285 103.0833 257.1772 15.16197042 69365
LEMUR-2-MANGO1          
1 47493U 21006CJ  22116.42319498  .00009587  00000+0  51063-3 0  9994
2 47493  97.4455 176.4752 0011982 104.6109 255.6453 15.15357177 69396
LEMUR-2-RUAIRI-EILIDH   
1 47511U 21006DC  22116.43797655  .00011869  00000+0  63617-3 0  9995
2 47511  97.4449 176.1400 0009573 106.9371 253.2911 15.15100150 69374
LEMUR-2-JENNIFERSONG    
1 47525U 21006DR  22117.17452352  .00013858  00000+0  71882-3 0  9997
2 47525  97.4464 177.5438 0012410  99.5214 260.7422 15.16194176 69528
LEMUR-2-CHANTAL         
1 47529U 21006DV  22117.11857027  .00013163  00000+0  71401-3 0  9999
2 47529  97.4444 176.6882 0008934 107.5693 252.6516 15.14653103 70423
LEMUR-2-NOOBNOOB        
1 47538U 21006DY  22117.17207843  .00012601  00000+0  66289-3 0  9994
2 47538  97.4517 177.7461 0012183 100.9379 259.3225 15.15722567 69519
LEMUR-2-AMANDA-SVANTE   
1 48269U 21034B   22117.18913169  .00004206  00000+0  47627-3 0  9990
2 48269  97.7506 189.6681 0002502 221.5885 138.5141 14.86933983 53919
LEMUR-2-SPECIAL-K       
1 48273U 21034F   22117.19603663  .00004511  00000+0  51066-3 0  9992
2 48273  97.7507 189.6582 0002629 215.8649 144.2391 14.86906441 53920
LEMUR-2-JACKSON         
1 48885U 21059G   22116.89547732  .00014211  00000+0  75617-3 0  9994
2 48885  97.5451 246.9202 0007131 279.3228  80.7197 15.15335709 46131
LEMUR-2-ANNABANANA      
1 48923U 21059AW  22116.90763257  .00016035  00000+0  82409-3 0  9994
2 48923  97.5383 247.1392 0010451 267.1637  92.8400 15.16511335 46165
LEMUR-2-JOHN-TREIRES    
1 48925U 21059AY  22116.88613000  .00016421  00000+0  83058-3 0  9993
2 48925  97.5443 247.4837 0013064 270.9076  89.0661 15.17039679 46178
LEMUR-2-AC-CUBED        
1 48927U 21059BA  22116.86255623  .00013449  00000+0  68468-3 0  9991
2 48927  97.5418 247.4250 0015338 275.0618  84.8864 15.16829860 46171
LEMUR-2-MERIMA          
1 48929U 21059BC  22116.89095161  .00014985  00000+0  75248-3 0  9995
2 48929  97.5389 247.4530 0015102 275.5923  84.3588 15.17289617 46184
LEMUR-2-CARLSANTAMARI   
1 48959U 21059CJ  22116.86859035  .00020715  00000+0  10120-2 0  9998
2 48959  97.5409 247.6894 0014923 280.6478  79.3075 15.18180884 46190
LEMUR-2-RAMONAMAE       
1 51021U 22002AP  22116.87229856  .00013625  00000+0  75776-3 0  9995
2 51021  97.4914 184.8077 0008238 245.7814 114.2557 15.13761003 15617
LEMUR-2-KING-JULIEN     
1 51022U 22002AQ  22117.13881284  .00014050  00000+0  78238-3 0  9994
2 51022  97.4895 185.0351 0008086 242.4064 117.6347 15.13711281 15657
LEMUR-2-ROHOVITHSA      
1 51036U 22002BE  22117.15224893  .00008035  00000+0  45609-3 0  9990
2 51036  97.4921 185.0621 0008307 247.6950 112.3400 15.13173114 15658
LEMUR-2-MIRIWARI        
1 51054U 22002BY  22117.15316577  .00007669  00000+0  43539-3 0  9993
2 51054  97.4913 185.0493 0007467 243.9748 116.0715 15.13188552 15658
LEMUR-2-DJIRANG         
1 51058U 22002CC  22117.15393896  .00006614  00000+0  37598-3 0  9993
2 51058  97.4893 185.0217 0007254 241.4378 118.6124 15.13198240 15656
LEMUR-2-KRYWE           
1 51100U 22003G   22117.03511832  .00050160  00000+0  17913-2 0  9994
2 51100  44.9929 350.0974 0003873 245.1199 114.9282 15.28161896 15714
