SPACEBEE-4              
1 43139U 18004AE  22116.45459923  .00045835  00000+0  11634-2 0  9997
2 43139  97.3869 199.9796 0007068 166.3583 193.7855 15.39503070238832
SPACEBEE-3              
1 43140U 18004AF  22117.19122246  .00074165  00000+0  15154-2 0  9995
2 43140  97.3910 203.7884 0006063 166.9534 193.1873 15.45877586239129
SPACEBEE-2              
1 43141U 18004AG  22116.84771334  .00098577  00000+0  18377-2 0  9998
2 43141  97.3936 204.6311 0005300 172.9998 187.1327 15.48447021239135
SPACEBEE-1              
1 43142U 18004AH  22116.87097266  .00124477  00000+0  20385-2 0  9998
2 43142  97.3943 205.9440 0004734 178.2215 181.9055 15.52033295239209
SPACEBEE-7              
1 43816U 18099BL  22117.15056781  .00004745  00000+0  41396-3 0  9990
2 43816  97.6305 186.5584 0014697  70.9738 289.3075 14.97226908184973
SPACEBEE-5              
1 43817U 18099BM  22117.18996866  .00011212  00000+0  90258-3 0  9999
2 43817  97.6395 189.1320 0011338  75.3221 284.9259 15.00071803185080
SPACEBEE-6              
1 43818U 18099BN  22116.87183005  .00007613  00000+0  64716-3 0  9998
2 43818  97.6330 187.0509 0014295  72.3037 287.9745 14.98050148185115
SPACEBEE-21             
1 46300U 20061AE  22117.17348106  .00019802  00000+0  10055-2 0  9997
2 46300  97.4540 190.0649 0001286  91.7609 268.3772 15.16932803 90756
SPACEBEE-20             
1 46301U 20061AF  22116.18190424  .00018318  00000+0  93183-3 0  9991
2 46301  97.4560 189.1579 0001319  85.9878 274.1506 15.16885916 90606
SPACEBEE-15             
1 46302U 20061AG  22116.43659945  .00020598  00000+0  10270-2 0  9996
2 46302  97.4543 189.5252 0001196 106.8093 253.3272 15.17565054 90658
SPACEBEE-19             
1 46303U 20061AH  22116.47929536  .00019696  00000+0  99302-3 0  9998
2 46303  97.4543 189.4811 0001220  94.6518 265.4855 15.17183692 90658
SPACEBEE-18             
1 46304U 20061AJ  22116.48493188  .00020117  00000+0  10158-2 0  9990
2 46304  97.4542 189.4637 0001201  99.3790 260.7579 15.17124975 90657
SPACEBEE-10             
1 46305U 20061AK  22117.16640344  .00027472  00000+0  13211-2 0  9999
2 46305  97.4552 190.5803 0001090 113.4315 246.7033 15.18765890 90785
SPACEBEE-17             
1 46306U 20061AL  22116.51130629  .00019289  00000+0  96462-3 0  9995
2 46306  97.4545 189.5966 0001199 102.9185 257.2182 15.17474356 90701
SPACEBEE-11             
1 46307U 20061AM  22117.14825897  .00026270  00000+0  12808-2 0  9993
2 46307  97.4550 190.4404 0001112 110.2126 249.9227 15.18296357 90777
SPACEBEE-16             
1 46308U 20061AN  22117.16177631  .00023032  00000+0  11475-2 0  9994
2 46308  97.4539 190.2681 0001067  99.8929 260.2425 15.17568302 90768
SPACEBEE-12             
1 46309U 20061AP  22117.17263771  .00024199  00000+0  11878-2 0  9999
2 46309  97.4544 190.4013 0001118 105.2290 254.9068 15.18079356 90777
SPACEBEE-13             
1 46310U 20061AQ  22116.46851468  .00021531  00000+0  10647-2 0  9998
2 46310  97.4549 189.6575 0001232 103.6325 256.5046 15.17844363 90709
SPACEBEE-14             
1 46311U 20061AR  22117.20189201  .00022672  00000+0  11224-2 0  9990
2 46311  97.4550 190.3648 0001219 103.8413 256.2957 15.17793126 90806
SPACEBEE-34             
1 46933U 20085E   22116.93080338  .00079074  00000+0  20982-2 0  9995
2 46933  97.4233 256.8609 0011984 249.6125 110.3850 15.37935916 79714
SPACEBEE-35             
1 46934U 20085F   22116.93229833  .00073717  00000+0  20150-2 0  9996
2 46934  97.4222 256.7311 0012578 258.1563 101.8270 15.37030476 79700
SPACEBEE-36             
1 46935U 20085G   22116.89675436  .00071140  00000+0  19651-2 0  9998
2 46935  97.4256 256.7062 0013517 257.1396 102.8334 15.36703717 79692
SPACEBEE-37             
1 46936U 20085H   22116.93651650  .00063243  00000+0  18265-2 0  9991
2 46936  97.4208 256.5383 0012522 263.1311  96.8514 15.35359652 79688
SPACEBEE-38             
1 46937U 20085J   22116.95203902  .00058807  00000+0  17090-2 0  9992
2 46937  97.4232 256.4236 0012974 261.7761  98.2023 15.35178923 79687
SPACEBEENZ-3            
1 46938U 20085K   22116.93461106  .00031046  00000+0  10843-2 0  9998
2 46938  97.4283 255.3868 0013294 263.0933  96.8797 15.29439034 79605
SPACEBEENZ-4            
1 46939U 20085L   22116.90326385  .00030868  00000+0  10891-2 0  9999
2 46939  97.4255 255.2769 0013126 265.8626  94.1113 15.29110020 79599
SPACEBEENZ-5            
1 46941U 20085N   22116.86259691  .00028613  00000+0  10166-2 0  9992
2 46941  97.4320 255.1833 0013570 262.6918  97.2783 15.28892698 79581
SPACEBEENZ-6            
1 46942U 20085P   22116.88223036  .00028684  00000+0  10258-2 0  9999
2 46942  97.4262 255.1837 0012943 263.4290  96.5479 15.28684682 79582
SPACEBEE-33             
1 46944U 20085R   22117.15153354  .00051997  00000+0  16138-2 0  9993
2 46944  97.4229 255.7761 0011761 267.1081  92.8969 15.33143510 79663
SPACEBEE-29             
1 46945U 20085S   22116.88673439  .00057621  00000+0  17318-2 0  9995
2 46945  97.4236 255.6850 0011778 271.6019  88.3876 15.34137834 79636
SPACEBEE-32             
1 46946U 20085T   22116.87439530  .00052609  00000+0  16209-2 0  9996
2 46946  97.4213 255.5426 0011915 269.5815  90.4069 15.33371355 79627
SPACEBEE-31             
1 46947U 20085U   22116.92643569  .00054160  00000+0  16562-2 0  9998
2 46947  97.4248 255.6312 0012217 277.9913  81.9946 15.33600106 79638
SPACEBEE-28             
1 46948U 20085V   22116.94031062  .00058725  00000+0  17538-2 0  9995
2 46948  97.4238 255.7699 0012028 272.6235  87.3643 15.34329998 79649
SPACEBEE-30             
1 46949U 20085W   22116.90907827  .00056847  00000+0  17234-2 0  9999
2 46949  97.4254 255.6572 0011628 269.3539  90.6374 15.33869055 79631
SPACEBEE-27             
1 46950U 20085X   22116.87312567  .00064893  00000+0  18766-2 0  9999
2 46950  97.4242 255.8494 0011871 262.0432  97.9465 15.35318322 79647
SPACEBEE-25             
1 46951U 20085Y   22117.26822528  .00071449  00000+0  20086-2 0  9990
2 46951  97.4234 256.4084 0012042 266.2887  93.6997 15.36172080 79713
SPACEBEE-24             
1 46952U 20085Z   22116.92444817  .00060967  00000+0  18077-2 0  9994
2 46952  97.4205 255.7792 0011824 268.3292  91.6603 15.34548849 79642
SPACEBEE-22             
1 46953U 20085AA  22117.12343898  .00072426  00000+0  20245-2 0  9998
2 46953  97.4240 256.2604 0012455 260.0984  99.9419 15.36341502 79698
SPACEBEE-26             
1 46956U 20085AD  22116.92112168  .00060972  00000+0  17997-2 0  9995
2 46956  97.4247 255.7935 0012769 267.5848  92.3942 15.34680930 79561
SPACEBEENZ-2            
1 46957U 20085AE  22116.90412573  .00032499  00000+0  11238-2 0  9992
2 46957  97.4301 255.4287 0013166 260.3922  99.5831 15.29755165 79569
SPACEBEE-39             
1 46958U 20085AF  22116.94753559  .00058757  00000+0  17435-2 0  9999
2 46958  97.4170 256.2556 0012174 264.0092  95.9762 15.34532158 78977
SPACEBEENZ-1            
1 46959U 20085AG  22116.92718590  .00035301  00000+0  12054-2 0  9996
2 46959  97.4227 255.5557 0013054 261.2449  98.7312 15.30146743 79090
SPACEBEE-23             
1 46960U 20085AH  22116.88877068  .00070820  00000+0  20058-2 0  9997
2 46960  97.4216 255.9639 0011883 269.2307  90.7575 15.35944292 78771
SPACEBEE-52             
1 47425U 21006N   22116.39954298  .00031632  00000+0  13778-2 0  9994
2 47425  97.4500 178.7461 0013210  99.8238 260.4490 15.22068093 70489
SPACEBEE-46             
1 47426U 21006P   22116.90512626  .00030105  00000+0  13603-2 0  9998
2 47426  97.4494 178.9569 0013720  97.5286 262.7509 15.20816897 70541
SPACEBEE-47             
1 47427U 21006Q   22117.12838537  .00029485  00000+0  13405-2 0  9995
2 47427  97.4490 179.1110 0013626  97.1198 263.1587 15.20610576 69619
SPACEBEE-59             
1 47428U 21006R   22117.15290948  .00024978  00000+0  11436-2 0  9991
2 47428  97.4490 179.0857 0013831  98.2705 262.0100 15.20401432 69619
SPACEBEE-62             
1 47429U 21006S   22116.44342618  .00010796  00000+0  55245-3 0  9995
2 47429  97.4448 177.4169 0015073  96.2966 263.9984 15.16701684 69457
SPACEBEE-61             
1 47431U 21006U   22116.88354676  .00022614  00000+0  11419-2 0  9999
2 47431  97.4530 177.2461 0007345 110.4298 249.7725 15.17078499 70410
SPACEBEE-49             
1 47432U 21006V   22117.11070983  .00023901  00000+0  12111-2 0  9993
2 47432  97.4536 177.4257 0006899 109.0662 251.1319 15.16947377 69484
SPACEBEE-60             
1 47433U 21006W   22116.38635088  .00019153  00000+0  97037-3 0  9990
2 47433  97.4538 176.7251 0006740 113.5802 246.6140 15.16999350 70339
SPACEBEE-53             
1 47434U 21006X   22116.43423205  .00022807  00000+0  11202-2 0  9992
2 47434  97.4554 177.0089 0006564 113.3946 246.7978 15.18050467 70353
SPACEBEE-63             
1 47442U 21006AF  22117.10878438  .00011213  00000+0  62067-3 0  9993
2 47442  97.4487 176.6468 0007875 108.6220 251.5867 15.13979423 69447
SPACEBEE-50             
1 47443U 21006AG  22116.87700050  .00022570  00000+0  11409-2 0  9992
2 47443  97.4529 177.2471 0007499 110.6111 249.5927 15.17040429 69454
SPACEBEE-51             
1 47444U 21006AH  22116.89210855  .00029578  00000+0  14326-2 0  9990
2 47444  97.4462 177.0831 0007275 113.3994 246.8005 15.18478633 69472
SPACEBEE-48             
1 47447U 21006AL  22117.13398326  .00032513  00000+0  14925-2 0  9999
2 47447  97.4446 178.2046 0011157 101.4465 258.8024 15.20285259 69571
SPACEBEE-40             
1 47449U 21006AN  22117.13518657  .00029072  00000+0  13647-2 0  9998
2 47449  97.4445 178.0522 0011288 100.3476 259.9032 15.19536332 69563
SPACEBEE-41             
1 47451U 21006AQ  22117.14500198  .00028827  00000+0  13555-2 0  9998
2 47451  97.4450 178.0691 0011333 100.9890 259.2620 15.19478548 69566
SPACEBEE-42             
1 47455U 21006AU  22117.16761258  .00026141  00000+0  12351-2 0  9990
2 47455  97.4452 178.0620 0011258 100.9283 259.3218 15.19335111 69568
SPACEBEE-55             
1 47459U 21006AY  22116.39450650  .00009206  00000+0  48953-3 0  9990
2 47459  97.4407 176.3449 0013268 106.7403 253.5286 15.15414452 69397
SPACEBEE-54             
1 47460U 21006AZ  22116.58104196  .00022662  00000+0  10735-2 0  9991
2 47460  97.4461 177.4932 0011123 103.2858 256.9618 15.19276689 69479
SPACEBEE-58             
1 47464U 21006BD  22116.86299070  .00029332  00000+0  13338-2 0  9995
2 47464  97.4491 178.8620 0013689  98.8263 261.4523 15.20604778 69576
SPACEBEE-57             
1 47465U 21006BE  22116.58668581  .00008658  00000+0  48057-3 0  9997
2 47465  97.4429 175.7759 0007208 115.8219 244.3756 15.13957936 69362
SPACEBEE-44             
1 47466U 21006BF  22116.41002223  .00019512  00000+0  96914-3 0  9991
2 47466  97.4461 176.5251 0007680 112.9866 247.2179 15.17686554 69398
SPACEBEE-56             
1 47468U 21006BH  22117.15680590  .00021464  00000+0  10722-2 0  9995
2 47468  97.4470 177.2281 0007671 109.4954 250.7109 15.17465112 69500
SPACEBEE-45             
1 47470U 21006BK  22117.12962447  .00025918  00000+0  12854-2 0  9995
2 47470  97.4463 177.2763 0007772 111.0289 249.1777 15.17677084 69508
SPACEBEE-43             
1 47480U 21006BV  22117.13628041  .00025857  00000+0  12792-2 0  9999
2 47480  97.4457 177.2293 0007493 110.5976 249.6062 15.17767122 69502
SPACEBEE-87             
1 47703U 21015E   22116.49228989  .00040254  00000+0  13417-2 0  9995
2 47703  97.4186 193.7343 0008434 245.3519 114.6844 15.30949976 64300
SPACEBEE-86             
1 47704U 21015F   22116.46273880  .00041333  00000+0  13600-2 0  9996
2 47704  97.4179 193.7584 0008308 244.4335 115.6048 15.31361689 64280
SPACEBEE-85             
1 47705U 21015G   22116.46224808  .00041264  00000+0  13568-2 0  9999
2 47705  97.4179 193.7562 0008279 244.1674 115.8713 15.31384479 64303
SPACEBEE-84             
1 47706U 21015H   22116.45626839  .00041545  00000+0  13614-2 0  9993
2 47706  97.4177 193.7631 0008308 244.1176 115.9210 15.31491893 64301
SPACEBEE-83             
1 47707U 21015J   22116.46726438  .00042893  00000+0  14041-2 0  9993
2 47707  97.4174 193.7448 0008353 246.2628 113.7738 15.31518059 64305
SPACEBEE-82             
1 47708U 21015K   22116.48835346  .00044619  00000+0  14419-2 0  9992
2 47708  97.4171 193.8563 0008367 242.5734 117.4657 15.31923371 64313
SPACEBEE-81             
1 47709U 21015L   22116.47521789  .00044894  00000+0  14409-2 0  9999
2 47709  97.4176 193.8811 0008376 242.6067 117.4322 15.32141410 64232
SPACEBEE-78             
1 47710U 21015M   22117.16898280  .00048383  00000+0  15292-2 0  9999
2 47710  97.4174 194.6324 0008404 240.0853 119.9555 15.32615020 64426
SPACEBEE-76             
1 47711U 21015N   22117.18902491  .00052387  00000+0  16238-2 0  9992
2 47711  97.4171 194.7564 0008330 238.5988 121.4440 15.33216998 64434
SPACEBEE-80             
1 47712U 21015P   22116.46574277  .00043838  00000+0  14005-2 0  9991
2 47712  97.4174 193.8906 0008333 242.5546 117.4848 15.32296208 64311
SPACEBEE-77             
1 47714U 21015Q   22117.20436886  .00048442  00000+0  15116-2 0  9999
2 47714  97.4179 194.7416 0008499 239.4726 120.5678 15.33022699 64354
SPACEBEE-79             
1 47715U 21015R   22117.19260325  .00048769  00000+0  15560-2 0  9996
2 47715  97.4197 194.6402 0008268 241.2744 118.7667 15.32311643 64428
SPACEBEE-65             
1 48626U 21006ES  22117.11546553  .00029292  00000+0  13276-2 0  9992
2 48626  97.2140 167.6722 0014846  83.8016 276.4910 15.20700723 69596
SPACEBEE-64             
1 48627U 21006ET  22117.10973692  .00030274  00000+0  13682-2 0  9993
2 48627  97.2141 167.6788 0014747  83.3882 276.9032 15.20793679 69598
SPACEBEE-66             
1 48628U 21006EU  22117.13120203  .00029017  00000+0  13226-2 0  9996
2 48628  97.2141 167.6481 0014971  83.1247 277.1692 15.20506022 69590
SPACEBEE-67             
1 48629U 21006EV  22117.13636699  .00029126  00000+0  13301-2 0  9993
2 48629  97.2137 167.6413 0015040  83.4301 276.8647 15.20439531 69599
SPACEBEE-68             
1 48630U 21006EW  22117.08037755  .00029364  00000+0  13448-2 0  9993
2 48630  97.2143 167.5686 0015151  83.4607 276.8353 15.20337627 69587
SPACEBEE-69             
1 48631U 21006EX  22117.08841793  .00028953  00000+0  13296-2 0  9993
2 48631  97.2140 167.5596 0015248  83.9519 276.3454 15.20245166 69582
SPACEBEE-70             
1 48632U 21006EY  22117.10201051  .00027939  00000+0  12870-2 0  9994
2 48632  97.2135 167.5411 0015385  83.6761 276.6227 15.20145288 69586
SPACEBEE-71             
1 48633U 21006EZ  22117.11763510  .00026671  00000+0  12332-2 0  9994
2 48633  97.2140 167.5199 0015633  83.5701 276.7314 15.20021843 69583
SPACEBEE-72             
1 48634U 21006FA  22116.87484378  .00026425  00000+0  12290-2 0  9999
2 48634  97.2142 167.2448 0015850  83.5171 276.7869 15.19818846 69548
SPACEBEE-73             
1 48635U 21006FB  22117.08594684  .00027059  00000+0  12617-2 0  9993
2 48635  97.2142 167.4175 0015998  83.7145 276.5912 15.19723335 69572
SPACEBEE-74             
1 48636U 21006FC  22116.38819645  .00019528  00000+0  91988-3 0  9994
2 48636  97.2142 166.6911 0016490  86.2027 274.1093 15.19429273 69463
SPACEBEE-75             
1 48637U 21006FD  22116.87108881  .00024853  00000+0  11735-2 0  9990
2 48637  97.2142 167.1021 0016774  84.7482 275.5667 15.19294351 69532
SPACEBEENZ-10           
1 48882U 21059D   22116.34846075  .00015271  00000+0  79844-3 0  9996
2 48882  97.5447 246.4223 0007211 285.5522  74.4914 15.15939906 46053
SPACEBEE-100            
1 48883U 21059E   22116.89409967  .00012724  00000+0  69044-3 0  9993
2 48883  97.5465 246.7979 0007624 280.4864  79.5509 15.14662386 46124
SPACEBEE-101            
1 48884U 21059F   22116.89585557  .00012302  00000+0  66934-3 0  9991
2 48884  97.5467 246.8004 0007337 284.9078  75.1341 15.14576252 46126
SPACEBEE-102            
1 48886U 21059H   22116.89006584  .00012358  00000+0  67178-3 0  9993
2 48886  97.5466 246.8069 0007361 284.2477  75.7937 15.14608291 46127
SPACEBEENZ-9            
1 48887U 21059J   22117.14099391  .00016367  00000+0  85480-3 0  9991
2 48887  97.5448 247.2081 0007176 282.5636  77.4794 15.15962893 46176
SPACEBEE-103            
1 48888U 21059K   22116.80630384  .00012315  00000+0  66641-3 0  9994
2 48888  97.5463 246.7671 0007574 281.3695  78.6686 15.14768573 46112
SPACEBEENZ-7            
1 48889U 21059L   22116.85117103  .00019107  00000+0  99313-3 0  9997
2 48889  97.5465 247.0594 0007887 283.1153  76.9199 15.16095088 46137
SPACEBEE-104            
1 48890U 21059M   22116.90330122  .00013926  00000+0  75293-3 0  9997
2 48890  97.5462 246.7703 0007710 284.7591  75.2786 15.14770363 46129
SPACEBEENZ-8            
1 48891U 21059N   22116.85131044  .00019184  00000+0  99789-3 0  9992
2 48891  97.5462 247.0574 0007965 283.3078  76.7266 15.16066708 46130
SPACEBEE-106            
1 48893U 21059Q   22116.86327391  .00011947  00000+0  64703-3 0  9994
2 48893  97.5481 246.9204 0008087 284.4165  75.6170 15.14743927 46120
SPACEBEE-107            
1 48894U 21059R   22116.85142391  .00013785  00000+0  74159-3 0  9997
2 48894  97.5479 246.9359 0007998 283.4400  76.5940 15.14947075 46125
SPACEBEE-108            
1 48895U 21059S   22116.86045858  .00012048  00000+0  65201-3 0  9998
2 48895  97.5478 246.9109 0008264 283.8861  76.1451 15.14767461 46122
SPACEBEE-105            
1 48896U 21059T   22116.90904341  .00014075  00000+0  76538-3 0  9992
2 48896  97.5458 246.7609 0007871 272.7696  87.2634 15.14561927 46125
SPACEBEE-109            
1 48897U 21059U   22116.85512673  .00012956  00000+0  69867-3 0  9993
2 48897  97.5477 246.9090 0008332 281.3092  78.7203 15.14876269 46127
SPACEBEE-110            
1 48899U 21059W   22116.88159557  .00012961  00000+0  69346-3 0  9994
2 48899  97.5488 247.0493 0008306 280.0382  79.9912 15.15153845 46139
SPACEBEE-111            
1 48904U 21059AB  22116.90405178  .00014515  00000+0  76896-3 0  9992
2 48904  97.5490 247.1968 0009586 280.5926  79.4226 15.15468559 46142
SPACEBEE-92             
1 48932U 21059BF  22116.87299563  .00032361  00000+0  14510-2 0  9991
2 48932  97.5371 248.1042 0015046 276.5730  83.3793 15.21049388 46225
SPACEBEE-89             
1 48933U 21059BG  22116.84731015  .00037177  00000+0  16433-2 0  9998
2 48933  97.5366 248.1244 0015187 276.0655  83.8849 15.21504617 46229
SPACEBEE-96             
1 48934U 21059BH  22117.15890455  .00030435  00000+0  13784-2 0  9994
2 48934  97.5377 248.3421 0015124 275.4111  84.5399 15.20718078 46261
SPACEBEE-88             
1 48935U 21059BJ  22116.84457358  .00038279  00000+0  16875-2 0  9999
2 48935  97.5363 248.1202 0015200 275.7918  84.1585 15.21589154 46226
SPACEBEE-99             
1 48936U 21059BK  22117.17474889  .00029298  00000+0  13388-2 0  9992
2 48936  97.5382 248.3327 0015097 275.9793  83.9721 15.20419821 46260
SPACEBEE-94             
1 48937U 21059BL  22116.88044418  .00032718  00000+0  14726-2 0  9999
2 48937  97.5370 248.0876 0014995 276.5991  83.3537 15.20917437 46228
SPACEBEE-93             
1 48939U 21059BN  22116.86113736  .00033765  00000+0  15019-2 0  9998
2 48939  97.5366 248.1103 0015348 276.3694  83.5794 15.21309116 46227
SPACEBEE-91             
1 48940U 21059BP  22116.85394369  .00035069  00000+0  15560-2 0  9992
2 48940  97.5364 248.1191 0015235 276.4475  83.5026 15.21387963 46221
SPACEBEE-95             
1 48945U 21059BU  22116.80966272  .00032832  00000+0  14728-2 0  9990
2 48945  97.5377 248.0411 0015101 276.8177  83.1340 15.21029969 46212
SPACEBEE-97             
1 48946U 21059BV  22116.90025806  .00031744  00000+0  14433-2 0  9995
2 48946  97.5377 248.0755 0015064 276.6813  83.2707 15.20575035 46225
SPACEBEE-90             
1 48947U 21059BW  22116.85052947  .00037001  00000+0  16386-2 0  9997
2 48947  97.5366 248.1215 0015274 276.2919  83.6577 15.21440803 46226
SPACEBEE-98             
1 48949U 21059BY  22117.09902609  .00032212  00000+0  14620-2 0  9993
2 48949  97.5388 248.2850 0015226 276.1013  83.8487 15.20629973 46250
SPACEBEE-121            
1 52009U 22026B   22116.96171876  .00013196  00000+0  71230-3 0  9990
2 52009  97.5026 117.5067 0030450  93.1141 267.3575 15.14457346  6398
SPACEBEE-114            
1 52010U 22026C   22116.89751789  .00012378  00000+0  67044-3 0  9990
2 52010  97.5040 117.4454 0029439  95.4031 265.0560 15.14376773  6396
SPACEBEE-126            
1 52011U 22026D   22116.89868491  .00012725  00000+0  68968-3 0  9992
2 52011  97.5028 117.4379 0029843  92.8352 267.6296 15.14336560  6388
SPACEBEE-118            
1 52012U 22026E   22116.89486124  .00015709  00000+0  84538-3 0  9998
2 52012  97.5043 117.4507 0029171  96.8868 263.5683 15.14558021  6393
SPACEBEE-120            
1 52013U 22026F   22116.49854639  .00012243  00000+0  66002-3 0  9991
2 52013  97.5025 117.0510 0030912  91.8799 268.5974 15.14509793  6320
SPACEBEE-122            
1 52014U 22026G   22116.89488536  .00013781  00000+0  74262-3 0  9990
2 52014  97.5028 117.4435 0029644  93.3867 267.0756 15.14528214  6384
SPACEBEE-119            
1 52015U 22026H   22116.49928373  .00011055  00000+0  59770-3 0  9994
2 52015  97.5044 117.0579 0030629  94.6309 265.8422 15.14438403  6328
SPACEBEE-115            
1 52016U 22026J   22116.89538857  .00013636  00000+0  73569-3 0  9992
2 52016  97.5040 117.4485 0030069  93.3209 267.1464 15.14477356  6385
SPACEBEENZ-14           
1 52018U 22026L   22116.82641989  .00017218  00000+0  92176-3 0  9993
2 52018  97.5038 117.3863 0030080  93.7680 266.6993 15.14698754  6370
SPACEBEENZ-11           
1 52019U 22026M   22116.95818925  .00017668  00000+0  94473-3 0  9995
2 52019  97.5038 117.5168 0030088  93.2497 267.2178 15.14735485  6353
SPACEBEE-127            
1 52020U 22026N   22116.82946447  .00010508  00000+0  56827-3 0  9991
2 52020  97.5026 117.3772 0030001  93.5956 266.8708 15.14461578  6329
SPACEBEE-125            
1 52021U 22026P   22116.89410882  .00015911  00000+0  85344-3 0  9997
2 52021  97.5020 117.4435 0032330  92.5686 267.9248 15.14584902  6257
SPACEBEE-117            
1 52022U 22026Q   22116.49878907  .00011132  00000+0  60158-3 0  9997
2 52022  97.5041 117.0580 0030111  94.5422 265.9251 15.14470132  6197
SPACEBEE-116            
1 52023U 22026R   22116.49874303  .00011432  00000+0  61759-3 0  9995
2 52023  97.5039 117.0581 0030090  94.4628 266.0043 15.14473848  6197
SPACEBEE-113            
1 52024U 22026S   22116.89369519  .00013691  00000+0  73569-3 0  9999
2 52024  97.5037 117.4492 0031850  90.7085 269.7797 15.14571077  6258
SPACEBEE-112            
1 52025U 22026T   22116.95982864  .00015422  00000+0  82852-3 0  9990
2 52025  97.5039 117.5152 0030091  93.1758 267.2917 15.14598604  6268
SPACEBEENZ-13           
1 52026U 22026U   22116.95845345  .00017391  00000+0  93075-3 0  9999
2 52026  97.5038 117.5166 0030097  93.3063 267.1613 15.14707345  6176
SPACEBEE-123            
1 52027U 22026V   22116.82905725  .00013078  00000+0  70560-3 0  9997
2 52027  97.5027 117.3775 0030209  93.7065 266.7622 15.14482795  6152
SPACEBEENZ-12           
1 52028U 22026W   22116.49659699  .00013855  00000+0  74397-3 0  9992
2 52028  97.5040 117.0604 0030232  94.6612 265.8074 15.14637301  6190
SPACEBEE-124            
1 52029U 22026X   22116.89553448  .00013084  00000+0  70625-3 0  9996
2 52029  97.5027 117.4427 0030374  93.5170 266.9536 15.14460469  4885
SPACEBEE-136            
1 52164U 22033H   22116.79006598  .00017335  00000+0  77056-3 0  9990
2 52164  97.3810 199.1475 0009855 191.0362 169.0660 15.21535891  3824
SPACEBEE-138            
1 52166U 22033K   22116.79079938  .00015407  00000+0  68635-3 0  9991
2 52166  97.3838 199.1540 0011531 182.8690 177.2481 15.21469932  3829
SPACEBEE-130            
1 52176U 22033V   22116.79259822  .00018413  00000+0  82141-3 0  9992
2 52176  97.3823 199.1461 0008079 183.8236 176.2939 15.21414393  3824
SPACEBEE-139            
1 52177U 22033W   22116.79403251  .00017712  00000+0  79226-3 0  9991
2 52177  97.3835 199.1497 0010867 187.7857 172.3212 15.21306787  3825
SPACEBEE-129            
1 52179U 22033Y   22116.79504005  .00014450  00000+0  65000-3 0  9993
2 52179  97.3830 199.1451 0009479 190.3813 169.7228 15.21171982  3825
SPACEBEE-134            
1 52180U 22033Z   22116.79379260  .00016287  00000+0  72959-3 0  9999
2 52180  97.3837 199.1491 0009719 190.5203 169.5831 15.21284173  3825
SPACEBEE-131            
1 52181U 22033AA  22116.79452609  .00015514  00000+0  69606-3 0  9996
2 52181  97.3832 199.1466 0009543 191.5529 168.5489 15.21242176  3825
SPACEBEE-128            
1 52182U 22033AB  22116.79493335  .00016793  00000+0  75405-3 0  9992
2 52182  97.3841 199.1502 0009695 189.6841 170.4209 15.21197463  3820
SPACEBEE-133            
1 52183U 22033AC  22116.79427216  .00015759  00000+0  70662-3 0  9999
2 52183  97.3832 199.1474 0009598 191.2660 168.8363 15.21260875  3818
SPACEBEE-132            
1 52185U 22033AE  22116.79305983  .00016050  00000+0  71796-3 0  9991
2 52185  97.3837 199.1517 0009062 202.9207 157.1625 15.21341918  3827
SPACEBEE-137            
1 52186U 22033AF  22116.85918567  .00015568  00000+0  69717-3 0  9990
2 52186  97.3837 199.2148 0009966 190.1165 169.9871 15.21302239  3831
SPACEBEE-135            
1 52187U 22033AG  22116.79302825  .00017006  00000+0  76019-3 0  9990
2 52187  97.3844 199.1532 0009323 187.0089 173.1018 15.21351788  3825
