TDRS 3                  
1 19548U 88091B   22116.37921709 -.00000314  00000+0  00000+0 0  9990
2 19548  13.7529 351.7331 0037144 334.6989 335.5653  1.00276863110218
HST                     
1 20580U 90037B   22116.84076576  .00002688  00000+0  14892-3 0  9999
2 20580  28.4692 150.7410 0002612 192.1615 338.6370 15.10340157558670
TDRS 5                  
1 21639U 91054B   22116.67307704  .00000071  00000+0  00000+0 0  9992
2 21639  14.2428   5.0613 0026845   0.9472 283.3153  1.00276959112543
TDRS 6                  
1 22314U 93003B   22116.44173181 -.00000308  00000+0  00000+0 0  9998
2 22314  14.1291   8.2946 0010677  95.5450 223.5511  1.00265773107233
TDRS 7                  
1 23613U 95035B   22116.64303473 -.00000216  00000+0  00000+0 0  9997
2 23613  13.9983 358.9788 0030092  47.0129 124.9822  1.00272034 98087
ISS (ZARYA)             
1 25544U 98067A   22117.32502152  .00014907  00000+0  27105-3 0  9991
2 25544  51.6433 228.4854 0006291  42.2571  53.9282 15.49736983337294
LANDSAT 7               
1 25682U 99020A   22117.30799949 -.00030624  00000+0 -64460-2 0  9994
2 25682  97.9799 167.2948 0001267 117.7834 309.8916 14.59707290225109
TERRA                   
1 25994U 99068A   22117.17820557  .00000390  00000+0  96320-4 0  9994
2 25994  98.1390 190.2675 0001362  98.7036 313.8188 14.57139603189151
TDRS 8                  
1 26388U 00034A   22116.98220303 -.00000238  00000+0  00000+0 0  9995
2 26388  10.2883  42.9042 0023302 341.8756 272.5523  1.00263007 80009
TIMED                   
1 26998U 01055B   22116.89879440  .00001223  00000+0  13533-3 0  9991
2 26998  74.0748  22.3468 0002251 263.3947  96.6978 14.88584897105334
TDRS 9                  
1 27389U 02011A   22117.17725689 -.00000296  00000+0  00000+0 0  9997
2 27389   8.9128  61.2742 0027311 300.9840 214.2160  1.00280096 75272
AQUA                    
1 27424U 02022A   22117.12455220  .00000818  00000+0  19108-3 0  9997
2 27424  98.2440  59.5147 0001894  69.1865 302.0519 14.57230073 62758
TDRS 10                 
1 27566U 02055A   22116.63111374  .00000079  00000+0  00000+0 0  9990
2 27566   8.1104  50.2485 0009785 333.9199 246.5083  1.00275325 71069
SORCE                   
1 27651U 03004A   22116.78390537  .00001583  00000+0  17580-3 0  9992
2 27651  39.9941 145.9659 0022196 110.4786 249.8389 14.89761009 45360
AURA                    
1 28376U 04026A   22116.85669422  .00000836  00000+0  19557-3 0  9998
2 28376  98.2056  60.9426 0001485  87.5105 272.6264 14.57125638945716
SWIFT                   
1 28485U 04047A   22116.89966133  .00005450  00000+0  33227-3 0  9992
2 28485  20.5568 312.2201 0010883   6.5526 353.5049 15.06058633955847
THEMIS A                
1 30580U 07004A   22115.91782357 -.00000082  00000+0  16193-1 0  9991
2 30580  14.9815 350.2378 8379413 155.5579 297.6062  0.87834443 27974
THEMIS D                
1 30797U 07004D   22116.80695934 -.00000225  00000+0  00000+0 0  9991
2 30797  10.9662 339.9969 8346210 168.7996 228.9601  0.87837462 27776
THEMIS E                
1 30798U 07004E   22116.17323690 -.00000144  00000+0  00000+0 0  9999
2 30798  11.5954 352.3820 8331528 158.6941  17.0082  0.87840791 52617
AIM                     
1 31304U 07015A   22116.82381023  .00009961  00000+0  51012-3 0  9999
2 31304  97.8571  34.1310 0004901 170.6860 189.4463 15.16805827823364
FGRST (GLAST)           
1 33053U 08029A   22116.49880383  .00002008  00000+0  96807-4 0  9991
2 33053  25.5816 161.4082 0011705 298.6415  61.2943 15.12028307765826
WISE                    
1 36119U 09071A   22116.83731964  .00008362  00000+0  26558-3 0  9997
2 36119  97.2453 152.2992 0004183 114.0938 246.0742 15.32884205687592
TDRS 11                 
1 39070U 13004A   22117.22917431  .00000060  00000+0  00000+0 0  9993
2 39070   2.9788 344.6390 0007436  54.1869  84.5291  1.00267638 33825
TDRS 12                 
1 39504U 14004A   22117.11844471 -.00000291  00000+0  00000+0 0  9994
2 39504   3.9060 346.4106 0004811 102.6461 127.4441  1.00264171 30287
GPM-CORE                
1 39574U 14009C   22117.23630872  .00020809  00000+0  29227-3 0  9999
2 39574  65.0055   2.7090 0010176 273.5093  86.4889 15.56694675463643
MMS 1                   
1 40482U 15011A   22115.16666667 -.00000379  00000+0  00000+0 0  9999
2 40482  32.7764 107.7230 8627353  48.8474  47.2662  0.28420995 13154
MMS 2                   
1 40483U 15011B   22115.16666667 -.00000380  00000+0  00000+0 0  9992
2 40483  32.7750 107.7294 8628588  48.8412  47.2699  0.28420957 13218
MMS 3                   
1 40484U 15011C   22104.12500000 -.00000344  00000+0  00000+0 0  9995
2 40484  32.6816 107.8451 8599250  48.4643 357.7810  0.28421329 13096
MMS 4                   
1 40485U 15011D   22115.16666667 -.00000379  00000+0  00000+0 0  9992
2 40485  32.7800 107.7320 8627690  48.8316  47.2567  0.28424906 13102
TDRS 13                 
1 42915U 17047A   22116.98252942 -.00000122  00000+0  00000+0 0  9997
2 42915   4.5501 333.0529 0018769 105.8878 118.1263  1.00272203 17211
JPSS-1                  
1 43013U 17073A   22117.12230075  .00000064  00000+0  51437-4 0  9995
2 43013  98.7535  56.4881 0000954 108.2890 251.8390 14.19542184229941
