NOAA 15                 
1 25338U 98030A   22117.13309684  .00000194  00000+0  99144-4 0  9992
2 25338  98.6492 147.3277 0011581  88.4447 271.8060 14.26113971245957
DMSP 5D-3 F15 (USA 147) 
1 25991U 99067A   22116.91128248  .00000184  00000+0  11551-3 0  9992
2 25991  99.0512 107.6118 0009817 341.3891  74.9042 14.16525256156478
METEOSAT-8 (MSG-1)      
1 27509U 02040B   22115.98841309  .00000123  00000+0  00000+0 0  9996
2 27509   7.9442  50.9303 0001900 333.1102 227.4112  1.00280107 72089
DMSP 5D-3 F16 (USA 172) 
1 28054U 03048A   22117.23636574  .00000095  00000+0  74382-4 0  9994
2 28054  98.9867 107.7885 0008448 100.4737  87.1603 14.13667122955782
NOAA 18                 
1 28654U 05018A   22117.21281079  .00000189  00000+0  12577-3 0  9994
2 28654  98.9515 187.6840 0015336 115.4985 244.7774 14.12718663872831
METEOSAT-9 (MSG-2)      
1 28912U 05049B   22116.06097858  .00000117  00000+0  00000+0 0  9992
2 28912   5.9053  66.6195 0000344 323.1075 251.7443  1.00268782 59869
EWS-G1 (GOES 13)        
1 29155U 06018A   22116.85604904  .00000021  00000+0  00000+0 0  9996
2 29155   0.4694  96.6713 0001250 109.8243  18.1348  1.00273941 28219
DMSP 5D-3 F17 (USA 191) 
1 29522U 06050A   22117.20389834  .00000114  00000+0  82645-4 0  9995
2 29522  98.7700 133.2120 0010791  52.1144 308.1003 14.14092545798666
FENGYUN 3A              
1 32958U 08026A   22117.19520027  .00000137  00000+0  85929-4 0  9999
2 32958  98.4980  81.9353 0008942 164.0839 196.0620 14.18707323721066
FENGYUN 2E              
1 33463U 08066A   22116.93028576 -.00000215  00000+0  00000+0 0  9998
2 33463   5.7926  65.5855 0004208   2.8176 208.0410  1.00276075 48928
NOAA 19                 
1 33591U 09005A   22117.13738852  .00000172  00000+0  11793-3 0  9998
2 33591  99.1533 150.1832 0013353 335.9858  24.0689 14.12554105681203
GOES 14                 
1 35491U 09033A   22116.60518206 -.00000107  00000+0  00000+0 0  9994
2 35491   0.1987  92.9643 0011379 125.6520 109.3276  1.00271490 46949
METEOR-M 1              
1 35865U 09049A   22116.90201835  .00000141  00000+0  82245-4 0  9999
2 35865  98.5239  89.0485 0002911  39.1279 321.0109 14.22324061654368
DMSP 5D-3 F18 (USA 210) 
1 35951U 09057A   22117.22622228  .00000271  00000+0  16687-3 0  9993
2 35951  98.7193  97.8854 0010068 229.3545 130.6753 14.13481763645871
GOES 15                 
1 36411U 10008A   22116.67220730  .00000040  00000+0  00000+0 0  9995
2 36411   0.1715 104.6838 0002379 340.7362 242.9662  1.00276797 44500
COMS 1                  
1 36744U 10032A   22116.86679097 -.00000358  00000+0  00000+0 0  9999
2 36744   0.9332  93.5894 0000905 321.4949 239.9442  1.00271338 35924
FENGYUN 3B              
1 37214U 10059A   22117.20102794 -.00000020  00000+0  13866-4 0  9990
2 37214  99.0934 122.2633 0022824 137.5261 222.7687 14.14250474593716
SUOMI NPP               
1 37849U 11061A   22117.18429580  .00000082  00000+0  59547-4 0  9993
2 37849  98.7295  56.4548 0001335  91.8340  47.0172 14.19559387543917
FENGYUN 2F              
1 38049U 12002A   22116.86356390 -.00000369  00000+0  00000+0 0  9998
2 38049   3.6683  80.0558 0003474   9.6948 188.0536  1.00279535 37713
METEOSAT-10 (MSG-3)     
1 38552U 12035B   22116.84306764  .00000046  00000+0  00000+0 0  9992
2 38552   1.4528  37.8616 0001165 253.3306 236.2838  1.00271428 35691
METOP-B                 
1 38771U 12049A   22117.17250726  .00000111  00000+0  70708-4 0  9993
2 38771  98.7001 177.6722 0001273 139.7601 280.5097 14.21496753498447
FENGYUN 3C              
1 39260U 13052A   22117.17921519  .00000060  00000+0  51423-4 0  9993
2 39260  98.4597 147.8767 0012318  65.0505 295.1952 14.15914675444660
METEOR-M 2              
1 40069U 14037A   22117.12251358 -.00000010  00000+0  14391-4 0  9997
2 40069  98.4359 137.2601 0006946 106.7084 253.4862 14.20703945404575
HIMAWARI-8              
1 40267U 14060A   22116.86932031 -.00000290  00000+0  00000+0 0  9994
2 40267   0.0509  90.0380 0000492 311.3503 267.0562  1.00272752 27593
FENGYUN 2G              
1 40367U 14090A   22116.89076951 -.00000311  00000+0  00000+0 0  9995
2 40367   1.8074  89.8774 0003100 350.1022 194.8342  1.00260456 26836
METEOSAT-11 (MSG-4)     
1 40732U 15034A   22116.84123606 -.00000021  00000+0  00000+0 0  9993
2 40732   0.2097  32.0808 0000945  51.7401  73.5788  1.00268267 24863
ELEKTRO-L 2             
1 41105U 15074A   22117.25716293 -.00000126  00000+0  00000+0 0  9994
2 41105   2.8593  88.6772 0001222  19.5781 185.0941  1.00270375 23352
HIMAWARI-9              
1 41836U 16064A   22116.94110083 -.00000289  00000+0  00000+0 0  9995
2 41836   0.0043 151.5143 0001895 311.7564 231.1846  1.00271832 20147
GOES 16                 
1 41866U 16071A   22116.88313140 -.00000262  00000+0  00000+0 0  9999
2 41866   0.0425 278.4096 0000800 158.7772  20.3845  1.00273278 19955
FENGYUN 4A              
1 41882U 16077A   22117.00566153 -.00000344  00000+0  00000+0 0  9993
2 41882   0.1571 287.1925 0005038 200.8275 193.5884  1.00274970 19810
CYGFM05                 
1 41884U 16078A   22116.81784852  .00003676  00000+0  18816-3 0  9990
2 41884  34.9550 163.3513 0015209 345.5146  14.5129 15.16002373296940
CYGFM04                 
1 41885U 16078B   22116.49283112  .00003390  00000+0  17123-3 0  9991
2 41885  34.9482 154.8961 0013416 358.7512   1.3164 15.16519548296937
CYGFM02                 
1 41886U 16078C   22116.55066393  .00003361  00000+0  16967-3 0  9992
2 41886  34.9574 156.7252 0014251 353.4306   6.6218 15.16538717297023
CYGFM01                 
1 41887U 16078D   22116.81275759  .00003546  00000+0  18272-3 0  9996
2 41887  34.9519 165.6852 0015684 344.7998  15.2241 15.15775344296893
CYGFM08                 
1 41888U 16078E   22117.20791490  .00003706  00000+0  18842-3 0  9997
2 41888  34.9487 156.1129 0014631 359.7386   0.3316 15.16238718297112
CYGFM06                 
1 41889U 16078F   22116.79474379  .00003810  00000+0  19206-3 0  9996
2 41889  34.9567 153.8937 0013141 355.0314   5.0266 15.16555344297009
CYGFM07                 
1 41890U 16078G   22116.77695465  .00003638  00000+0  18371-3 0  9997
2 41890  34.9507 152.8347 0012864 359.3366   0.7327 15.16509083296989
CYGFM03                 
1 41891U 16078H   22116.77534994  .00003702  00000+0  18696-3 0  9999
2 41891  34.9540 153.3006 0012443 357.0754   2.9883 15.16503253296977
FENGYUN 3D              
1 43010U 17072A   22117.09759163  .00000121  00000+0  79035-4 0  9999
2 43010  98.8115  61.9626 0003014  56.1909 303.9560 14.19197023230480
NOAA 20                 
1 43013U 17073A   22117.12230075  .00000064  00000+0  51437-4 0  9995
2 43013  98.7535  56.4881 0000954 108.2890 251.8390 14.19542184229941
GOES 17                 
1 43226U 18022A   22116.67037573  .00000083  00000+0  00000+0 0  9999
2 43226   0.0344 279.3624 0000272 103.5629 295.8540  1.00271594 15255
FENGYUN 2H              
1 43491U 18050A   22116.85702253 -.00000139  00000+0  00000+0 0  9991
2 43491   1.0191  98.0931 0003959  19.1191 125.1679  1.00268155 14276
METOP-C                 
1 43689U 18087A   22117.19801103  .00000115  00000+0  72305-4 0  9997
2 43689  98.6882 177.9893 0003070 165.7061 194.4203 14.21500392180024
GEO-KOMPSAT-2A          
1 43823U 18100A   22116.86687819 -.00000359  00000+0  00000+0 0  9991
2 43823   0.0542  73.6608 0002124 358.8006 222.6986  1.00269955 12456
METEOR-M2 2             
1 44387U 19038A   22117.12952972  .00000025  00000+0  30258-4 0  9995
2 44387  98.7177  78.3337 0002519  71.6054 288.5402 14.23706677146102
FENGYUN 3E              
1 49008U 21062A   22117.20654609 -.00000015  00000+0  13358-4 0  9997
2 49008  98.7117 119.9751 0002708 114.7432 245.4033 14.19727947 42040
GOES 18                 
1 51850U 22021A   22116.33203437 -.00000197  00000+0  00000+0 0  9999
2 51850   0.0441  72.7819 0001059  48.3061 123.2438  1.00267507   428
