APRIZESAT 2             
1 28366U 04025A   22116.89106734  .00000168  00000+0  66561-4 0  9998
2 28366  98.1739 348.6372 0108503 129.8062 231.2738 14.36800039934413
SAUDICOMSAT 1           
1 28369U 04025D   22116.84778054  .00000505  00000+0  13377-3 0  9997
2 28369  98.4357  78.1664 0032953 335.0514  24.9087 14.52755367944351
SAUDICOMSAT 2           
1 28370U 04025E   22116.84187725  .00000338  00000+0  10236-3 0  9993
2 28370  98.5275  77.0275 0058151 156.9179 203.4645 14.47659602941163
APRIZESAT 1             
1 28372U 04025G   22116.84050017  .00000375  00000+0  10791-3 0  9995
2 28372  98.4885  77.3402 0047540  73.0706 287.5691 14.49769457942629
NANOSAT-1               
1 28493U 04049B   22116.84805486  .00000943  00000+0  15154-3 0  9992
2 28493  98.1084 217.6268 0005835  97.7335 262.4535 14.73914141932269
SAUDICOMSAT 7           
1 31119U 07012C   22116.82017624  .00000558  00000+0  11840-3 0  9991
2 31119  98.1802  63.1763 0058488 252.2995 107.1816 14.62038508801165
SAUDICOMSAT 6           
1 31121U 07012E   22116.79281163  .00000771  00000+0  16871-3 0  9997
2 31121  98.2225  58.4409 0076257 354.4795   5.5555 14.58824335799410
SAUDICOMSAT 5           
1 31124U 07012H   22116.81095764  .00000580  00000+0  11864-3 0  9998
2 31124  98.1489  64.8240 0050901 198.4026 161.5337 14.63754476802037
SAUDICOMSAT 3           
1 31125U 07012J   22116.79710431  .00000757  00000+0  14658-3 0  9991
2 31125  98.1141  66.3896 0043798 145.5695 214.8360 14.65560660802948
SAUDICOMSAT 4           
1 31127U 07012L   22116.84066571  .00000675  00000+0  14497-3 0  9998
2 31127  98.2035  61.5331 0066628 300.9264  58.5398 14.60551948800340
APRIZESAT 4             
1 35684U 09041D   22116.90674139  .00000728  00000+0  10316-3 0  9991
2 35684  98.3137 128.7851 0047473 155.6212 204.7259 14.79571495687493
APRIZESAT 3             
1 35686U 09041F   22117.18695448  .00000927  00000+0  10342-3 0  9990
2 35686  98.1061 202.7387 0072105 354.9709   5.0774 14.87817063691033
AISSAT 1                
1 36797U 10035C   22116.50522648  .00001455  00000+0  16921-3 0  9991
2 36797  98.2383 298.5108 0010570 346.1505  13.9418 14.86943174638850
S-NET D                 
1 43186U 18014G   22117.05484028  .00002159  00000+0  18908-3 0  9995
2 43186  97.6615  23.7764 0011893 107.7705 252.4816 14.97681156231222
S-NET B                 
1 43187U 18014H   22116.45361504  .00001611  00000+0  14239-3 0  9997
2 43187  97.6611  23.1407 0011896 109.3395 250.9114 14.97675741231130
S-NET A                 
1 43188U 18014J   22117.18879696  .00001933  00000+0  16983-3 0  9990
2 43188  97.6616  23.9221 0011885 107.4245 252.8277 14.97679011231246
S-NET C                 
1 43189U 18014K   22117.18943374  .00001981  00000+0  17389-3 0  9990
2 43189  97.6609  23.8518 0011875 107.3679 252.8843 14.97676750229799
SALSAT                  
1 46495U 20068K   22116.81447450  .00002859  00000+0  20943-3 0  9993
2 46495  97.7260  58.1221 0018711  92.1279 268.2090 15.04229170 86426
